3684	...	404
4101	0.1	75
5443	0.10	26
625	0.2	87
4726	0.25	30
4933	0.3	90
2616	0.4	80
2203	0.5	122
60	0.50	58
3703	0.6	64
3250	0.7	79
3432	0.8	56
3366	0.9	66
4118	0/92	21
5658	00	68
5966	000	186
5568	1,000	319
4186	1,200	31
5145	1,300	22
5109	1,500	42
2613	1,500,000	34
1284	1,700	23
3269	1-1/2	103
1417	1-1/4	133
4120	1-1/8	39
5257	1-3/4	29
5693	1-3/8	43
5084	1-5/8	21
2124	1-7/8	25
1274	1.0	98
89	1.00	57
1152	1.01	40
1751	1.02	41
5571	1.03	30
4196	1.04	45
2059	1.05	58
3651	1.06	30
1556	1.07	33
2614	1.08	39
3920	1.09	37
4273	1.1	198
3777	1.10	52
2333	1.11	38
4083	1.12	42
1334	1.13	38
871	1.14	24
760	1.15	62
3121	1.16	49
4235	1.17	32
1344	1.18	30
1156	1.19	42
758	1.2	231
831	1.20	56
4442	1.22	34
2200	1.23	45
3727	1.24	27
204	1.25	87
3919	1.26	32
3519	1.27	37
5524	1.28	31
1610	1.29	29
1994	1.3	205
5273	1.30	47
5830	1.31	24
2608	1.32	33
2635	1.33	22
359	1.34	42
306	1.35	49
5780	1.36	34
4932	1.37	27
597	1.38	39
5955	1.39	26
4904	1.4	179
884	1.40	36
3908	1.41	24
49	1.43	22
5411	1.44	23
707	1.45	38
466	1.46	28
1256	1.47	29
1390	1.5	405
2939	1.50	90
4614	1.51	33
407	1.52	27
3163	1.53	27
2005	1.54	29
70	1.55	46
1448	1.56	22
3276	1.58	28
2953	1.59	24
4493	1.6	138
1151	1.60	58
5659	1.62	36
5178	1.63	20
3721	1.64	35
5428	1.65	37
1652	1.66	25
984	1.67	23
2148	1.7	133
173	1.70	32
5182	1.71	23
4130	1.73	24
1049	1.75	74
5363	1.76	22
1379	1.77	28
4113	1.78	33
2821	1.79	31
5391	1.8	156
3377	1.80	49
2932	1.81	26
2723	1.83	24
2782	1.85	33
5010	1.87	44
2057	1.9	149
3570	1.91	22
386	1.92	20
2919	1.95	33
4755	1.99	20
1586	1/16	25
853	1/2	139
272	1/4	94
2867	1/8	79
4621	10	1802
1855	10,000	204
887	10-year	120
5748	10.0	32
2863	10.1	56
3639	10.2	67
3791	10.3	96
1908	10.4	56
4321	10.5	97
1490	10.6	66
3267	10.7	51
2081	10.8	44
5072	10.9	55
3577	100	1046
3643	100,000	206
1761	1000	42
5287	101	47
33	101-1/2	37
2976	101-3/8	24
2967	102	32
1879	103	49
3137	104	48
5772	105	39
4844	106	32
2499	108	53
830	109	39
4380	11	1304
2165	11.0	28
3581	11.1	52
1796	11.2	56
5534	11.3	50
2455	11.4	63
4184	11.5	72
2759	11.6	52
4530	11.7	51
5711	11.8	28
5007	11.9	48
3912	110	89
4415	110,000	26
2709	1100	21
5493	111	31
4058	112	21
1355	113	26
2654	114	20
3895	115	38
2132	118	24
293	12	1499
1563	12,000	36
5259	12-1/2	32
4577	12-month	22
2444	12-year	24
5227	12.0	45
145	12.1	50
734	12.2	47
1289	12.3	35
3860	12.4	35
364	12.5	102
5076	12.6	47
4552	12.7	34
624	12.8	47
3888	12.9	29
4109	120	124
5047	120,000	31
1184	1200	23
4583	121	20
4691	123	20
3602	125	107
2935	125,000	34
5725	126	25
5653	129	33
1193	13	1663
837	13,000	27
4845	13-week	22
3438	13.0	29
2089	13.1	43
137	13.2	45
5116	13.3	47
3816	13.4	26
5333	13.5	51
1270	13.6	55
1432	13.7	23
5208	13.8	41
1416	13.9	40
863	13/16	20
657	130	92
151	130,000	27
3478	134	31
4618	135	50
1266	137	28
3449	138	21
3477	14	655
548	14,000	20
2185	14-1/2	20
2150	14.0	23
4205	14.1	40
4103	14.2	25
295	14.3	28
4709	14.4	38
5417	14.5	50
3453	14.6	34
2004	14.7	33
4504	14.8	43
2604	14.9	42
5439	140	95
4243	140,000	25
5306	144	23
5431	145	95
2822	146	27
4783	147	35
5576	148	28
5022	149	26
498	15	1503
2522	15,000	57
2035	15-year	26
1116	15.0	38
5234	15.1	28
5877	15.2	48
4911	15.3	31
5698	15.4	38
5393	15.5	47
2467	15.6	45
1629	15.7	34
3848	15.8	69
2630	15.9	35
1320	150	343
4426	150,000	71
4201	1500	23
3784	152	26
918	154	22
2048	155	28
5880	16	1189
1213	16,000	21
4549	16.0	24
856	16.1	40
1035	16.2	28
2474	16.3	37
3828	16.4	27
5905	16.5	39
432	16.6	41
5091	16.7	41
5389	16.8	34
47	16.9	29
670	160	73
1562	160,000	23
1521	165	32
1578	168	25
5938	169	24
4061	17	1324
1347	17.0	22
2778	17.1	30
4980	17.2	25
1559	17.3	29
2726	17.4	24
4708	17.5	60
3206	17.50	32
2438	17.6	41
1748	17.7	30
4360	17.8	39
5300	170	59
4123	171	24
1127	175	43
1258	18	1640
1892	18.0	22
4729	18.1	23
1455	18.2	35
2983	18.3	21
3117	18.4	28
1382	18.5	49
4393	18.6	23
483	18.7	29
1702	18.8	23
301	18.9	25
3875	180	62
1911	180,000	20
3102	185	20
4076	19	1966
1928	19.00	22
4554	19.1	25
250	19.2	24
3485	19.4	31
375	19.5	35
422	19.6	24
3235	19.7	34
1138	19.8	25
4463	19.9	35
5800	190	44
2913	195	20
2712	1970	22
2525	1970s	40
1947	1971	20
3370	1972	25
1209	1974	37
4521	1975	27
3199	1976	30
1217	1977	30
4157	1978	62
4866	1979	63
1651	1980	143
169	1980s	30
818	1981	106
4191	1982	148
1420	1983	179
5729	1984	311
376	1984/85	21
3034	1985	1316
3263	1985/86	151
3999	1986/87	292
826	1987/88	179
3472	1988	733
5094	1989	248
5459	1990	307
3023	1990s	41
4831	1991	122
3107	1992	291
5909	1993	57
5870	1994	87
5521	1995	57
2358	1996	39
5469	1997	153
2405	1998	26
3563	1999	60
4590	1st	585
412	2,000	84
5579	2,500	32
5079	2,500,000	26
5461	2,800	21
4544	2-1/2	53
3161	2-1/4	31
3881	2-for-1	24
5890	2.0	82
4079	2.00	27
3783	2.1	119
805	2.15	39
5066	2.2	187
58	2.20	35
896	2.25	47
5973	2.3	143
5475	2.30	20
3841	2.35	22
3753	2.4	126
3076	2.45	21
3763	2.5	330
1905	2.50	63
442	2.55	23
739	2.6	108
1265	2.65	24
636	2.7	120
1367	2.75	35
319	2.8	116
3687	2.80	20
1876	2.9	107
3351	2.90	28
4277	20,000	74
5633	20-year	36
1126	20.0	26
4458	20.1	23
4183	20.2	24
550	20.3	30
5588	20.5	25
3044	20.6	23
1163	20.7	25
4655	20.8	27
5315	20.9	25
3201	200	426
1409	200,000	127
1914	2000	60
914	2002	76
50	2007	27
2403	2011	20
310	2012	75
2348	2016	25
2476	2017	41
2414	21	508
2760	21.1	28
2736	21.2	21
3953	21.3	21
3773	21.4	20
3409	21.5	26
1404	21.7	20
926	210	34
36	210,000	23
4684	215	23
2472	217	22
532	22	571
4789	22.3	21
4325	22.5	40
3927	22.6	27
3761	22.8	24
4376	220	34
3396	225	27
5854	225,000	26
1793	228	20
3755	23	924
4207	23.1	21
1399	23.2	23
784	23.5	28
4649	23.7	25
1701	23.8	20
5176	23.9	24
3386	230	31
4431	235	20
4177	24	1117
5535	24.2	21
1722	24.5	23
5910	24.8	27
1142	24.9	20
4477	240	52
260	240,000	20
233	25	1465
2282	25,000	54
1566	25.0	20
1177	25.4	21
4770	25.5	22
2750	25.6	29
5543	25.7	25
4816	250	203
5546	250,000	74
2208	26	1141
4140	26.2	24
2454	26.3	23
2856	26.5	20
4474	260	30
2762	260,000	20
4411	265	23
4737	27	965
5274	27.1	23
2714	27.3	21
3799	27.5	29
3969	27.6	24
4937	27.8	25
110	270	25
2757	275	27
1054	28	775
264	28.5	29
3056	28.6	21
3372	280	28
3230	285	24
2539	29	868
2964	29.1	27
5268	29.3	20
2211	29.4	20
1867	29.5	20
1548	29.9	22
4308	290	24
522	2nd	289
3728	2p	23
2928	3,000	71
4506	3,500	22
1597	3,500,000	20
5799	3-1/2	38
4511	3.0	70
5412	3.1	95
4180	3.2	119
1677	3.25	34
4940	3.3	91
5617	3.4	93
1039	3.5	192
4296	3.50	41
5253	3.6	124
5294	3.7	92
3104	3.75	26
1843	3.8	79
4486	3.80	32
1451	3.85	22
2682	3.9	73
1715	3/4	77
504	3/8	65
1724	30,000	95
4419	30-year	32
3894	300	394
5220	300,000	120
4039	31	2091
5403	31.7	23
2801	310	20
4271	32	225
2306	320	35
4572	33	234
367	33.5	25
5073	330	36
218	34	198
2142	34.5	20
4193	340	27
3032	340,000	23
2562	35	389
5209	35,000	40
1036	35.9	20
3114	350	106
4306	350,000	29
5978	355	20
1608	36	185
1445	360	29
435	360,000	20
5777	37	189
1407	37.5	25
4221	370	22
2860	375	22
1173	38	198
2210	38.5	27
3836	380	28
885	39	133
4971	390	27
4597	3p	21
3109	3rd	625
4091	4,000	56
5630	4-1/2	37
1802	4-3/4	21
2527	4.0	77
669	4.1	74
1950	4.2	112
3823	4.3	94
5583	4.4	86
2151	4.5	155
1459	4.50	31
4299	4.6	53
2814	4.7	61
5726	4.75	24
4752	4.8	73
5691	4.9	68
1582	40	647
5816	40,000	69
5972	400	240
3611	400,000	76
1754	41	141
3220	42	197
3393	420	27
1757	425	24
1392	43	132
2791	430	27
403	44	172
5622	45	290
5291	45,000	24
2169	450	83
3556	450,000	25
3754	46	153
4981	47	147
5781	475	20
3313	48	140
35	480	52
5021	49	164
2675	4th	762
3282	5,000	171
28	5-1/2	48
4958	5-1/4	20
3241	5-3/4	31
1815	5.0	54
5375	5.00	23
4433	5.1	81
2710	5.2	74
337	5.3	64
3610	5.4	50
479	5.5	115
4772	5.6	64
709	5.7	57
1149	5.8	49
3334	5.9	64
105	5/8	146
3932	50	1142
4578	50,000	126
1896	500	436
5846	500,000	189
2517	508	20
4371	51	230
3759	52	167
593	53	145
2362	54	126
2287	55	196
2183	55,000	23
2746	550	47
5430	550,000	21
5670	56	134
4408	57	143
2651	58	122
3615	59	65
1470	5p	38
3052	6,000	68
3326	6-1/2	38
3233	6-1/4	43
2753	6-1/8	31
3622	6-3/4	34
2918	6-3/8	21
2627	6.0	36
4592	6.1	50
2321	6.2	55
1717	6.25	27
1357	6.3	52
1061	6.4	42
778	6.5	97
3216	6.50	25
5040	6.6	53
4068	6.7	63
1022	6.8	48
5174	6.9	58
4401	60	502
3978	60,000	43
788	600	164
2805	600,000	75
4849	61	97
3059	62	72
6001	63	104
2258	64	134
1690	65	239
2672	65,000	23
5924	650	34
14	66	112
2794	67	100
3812	68	148
231	69	96
2156	7,000	41
5942	7-1/2	92
961	7-1/4	36
4135	7-3/4	75
755	7.0	42
1128	7.1	63
388	7.2	68
5906	7.25	25
5033	7.3	51
5018	7.4	56
5368	7.5	137
3952	7.50	27
603	7.6	64
5952	7.7	63
5143	7.75	30
1041	7.8	55
1504	7.9	41
3587	7/8	71
3371	70	336
5805	70,000	38
5565	700	142
4624	700,000	65
1794	71	72
5522	72	102
4366	73	107
2769	74	75
5203	75	347
5197	75,000	33
2404	750	63
2	750,000	40
175	76	85
4696	77	93
3964	78	72
1345	79	61
4459	8,000	37
723	8-1/2	46
3390	8-1/4	28
372	8-3/4	44
4926	8.0	43
3139	8.1	36
862	8.2	54
2695	8.3	53
1557	8.4	38
679	8.5	83
4550	8.50	26
3924	8.6	52
2360	8.7	35
3242	8.8	48
4647	8.9	43
685	80	395
275	80,000	32
683	800	145
4494	800,000	68
1384	81	66
2247	82	80
4141	83	90
30	84	69
3694	85	148
5582	850	26
4264	86	78
2960	87	93
59	88	68
3356	89	69
3824	9,000	40
5336	9-1/2	33
2334	9-1/4	31
786	9-13/16	31
1368	9-3/4	23
640	9-7/8	40
5813	9.0	27
2220	9.1	41
3188	9.2	26
5802	9.3	22
2868	9.4	56
4398	9.5	71
3929	9.6	53
2103	9.7	42
1186	9.8	55
2811	9.9	66
860	90	304
1871	90,000	29
399	900	97
6005	900,000	41
3252	91	59
1846	91-day	21
3365	92	88
2830	93	55
4946	94	68
3500	95	123
2921	950	20
843	96	77
1638	97	77
3594	98	65
4318	99	71
3301	a-1	48
3176	a-1-plus	21
4861	a-2	42
161	a-3	30
2756	a-minus	25
5037	a-plus	25
5863	a.	67
2492	a/s	36
5441	aa	49
4198	aa-3	20
1650	aa-minus	29
1336	aaa	43
2552	ab	91
4860	abandon	32
5313	abandoned	47
5152	abide	20
3239	ability	190
2245	able	344
1627	abolish	24
5887	abolished	24
1803	abolition	22
3756	abroad	158
5350	absence	50
5269	absolute	22
249	absolutely	27
1956	absorb	46
5210	abu	32
912	abuse	25
1834	accelerate	42
3284	accelerated	37
2629	accelerating	21
2069	accept	210
4867	acceptable	60
2276	acceptance	108
944	accepted	206
5553	accepting	32
1963	accepts	43
5104	access	196
2427	accident	38
2933	accompanied	38
11	accompanying	22
4950	accord	450
1641	accordance	32
3298	according	611
225	account	691
3926	accountant	21
3757	accounted	121
2389	accounting	213
4868	accrued	93
1271	accumulated	41
743	accurate	29
2292	accused	67
3609	achieve	127
1973	achieved	116
1111	achieving	27
1545	acid	41
2686	acknowledged	63
4252	acquire	587
477	acquired	559
5058	acquires	96
1936	acquiring	111
3520	acquisition	999
2478	acre	101
4843	acreage	64
2816	across	107
5884	act	345
4687	acted	49
4310	acting	92
1952	action	810
2946	active	222
2300	actively	70
5990	activity	470
299	actual	111
3580	actually	80
322	ad	28
1858	adb	27
4441	add	299
2281	added	1791
3455	adding	415
3561	addition	485
1154	additional	622
2732	address	95
1159	addressing	24
5539	adequacy	23
4040	adequate	88
1882	adequately	21
2479	adherence	21
279	adjourned	22
1012	adjust	39
309	adjusted	377
2065	adjusting	21
3869	adjustment	238
4610	administration	550
469	administrative	63
3809	administrator	36
5690	admitted	44
4064	adopt	73
5099	adopted	127
424	adopting	21
2235	adoption	40
3140	advance	209
86	advanced	189
2620	advantage	134
3649	adverse	60
2594	adversely	38
3818	advertisement	26
401	advertising	51
1675	advice	32
2973	advise	27
1174	advised	57
2229	adviser	133
3444	advisor	75
5621	advisory	123
998	aerospace	89
1291	affair	202
3514	affect	239
2271	affected	272
1493	affecting	88
4303	affiliate	183
183	affiliated	49
5495	affirmed	74
5192	affirms	27
1937	afford	34
5031	afg	36
5425	africa	101
4214	african	100
554	after-tax	70
1827	afternoon	187
5082	ag	302
3526	agency	750
22	agenda	61
5160	agent	116
5885	aggregate	69
535	aggressive	85
5275	aggressively	46
5216	ago	749
5675	agree	220
3698	agreed	1261
4355	agreeing	25
5689	agreement	2080
3359	agrees	84
1591	agricultural	288
1874	agriculture	675
4651	ahead	337
3862	aid	336
1418	aide	109
1543	aided	30
2255	ailing	37
3555	aim	174
5739	aimed	294
5404	aiming	32
5243	air	333
5232	airbus	42
5222	aircraft	193
599	aire	54
4634	airline	269
1481	airport	84
3718	airway	68
5204	akron	50
410	ala	62
1110	alabama	22
5213	alan	91
277	alaska	46
3285	albany	22
5853	albert	25
2284	alberta	153
5129	ald	25
5191	alex	36
2514	alexander	21
374	alfred	21
3749	algeria	51
4266	ali	31
533	allegation	47
2948	alleged	122
2363	allegedly	28
2634	alleges	32
4529	allegheny	39
2694	alleging	30
1204	allen	40
2034	alleviate	24
3327	alliance	77
4384	allied	56
3006	allied-signal	25
397	allocated	47
2619	allocation	66
5506	allow	434
3497	allowance	50
2018	allowed	253
3805	allowing	138
604	allows	122
2315	ally	54
3565	almost	328
4055	alone	108
5503	along	242
4676	already	771
433	alter	35
1194	alternative	213
2379	although	577
74	alto	31
3699	aluminium	69
962	aluminum	52
1626	always	93
2037	ambassador	56
3516	amc	37
1338	amended	47
1422	amendment	107
3185	america	333
3792	american	1117
78	amex	46
2190	amid	73
4368	amo	44
208	amoco	34
5132	among	528
807	amount	930
5142	amounted	66
2126	amounting	28
4283	ample	27
1572	amr	21
2426	amsterdam	83
3483	amstutz	23
2765	anaheim	20
2001	analysis	61
5432	analyst	817
1105	and/or	22
5480	andrew	24
867	andriessen	21
1771	angeles	258
3764	anger	32
4788	angered	23
1211	animal	52
1671	ankara	31
5395	announce	124
4284	announced	1117
5965	announcement	308
721	announces	64
2140	announcing	62
3535	annual	1010
5746	annualised	21
4208	annualized	24
227	annually	137
2045	annum	34
3616	another	802
2437	answer	77
1723	anthony	28
4063	antibody	22
5683	anticipate	31
5330	anticipated	137
1096	anticipates	47
321	anticipation	27
2369	antitrust	36
5532	antonio	55
4106	anxious	25
2727	anyone	43
1514	anything	129
897	anywhere	25
1703	apart	48
1279	api	32
3189	apparel	28
4466	apparent	79
4817	apparently	84
2786	appeal	133
2656	appealed	34
1467	appear	101
2187	appeared	135
4685	appears	139
1139	apple	27
2528	appliance	41
468	application	286
3058	applied	125
1647	applies	39
3568	apply	126
2075	applying	24
5618	appointed	114
3793	appointment	37
3204	appreciation	88
5615	approach	132
616	approached	44
1107	approaching	22
4639	appropriate	126
1091	appropriation	55
2015	approval	738
2205	approve	187
1505	approved	717
4165	approves	98
5646	approximately	151
4809	aquino	38
4941	arab	55
5634	arabia	26
4369	arbitrage	45
4586	arbitration	26
97	arc	21
1161	architect	26
5157	area	709
2397	argentina	118
2064	argentine	79
4077	argue	37
2961	argued	60
2541	arguing	30
5985	argument	52
572	arising	37
3138	ariz	75
2696	arizona	40
1988	ark	37
948	arm	180
5567	armed	35
1369	army	79
4225	arose	20
4090	around	956
3142	arrange	66
1632	arranged	78
23	arrangement	173
1033	arranger	50
1376	arranging	36
2713	arrears	27
5791	arrest	22
1171	arrested	33
775	arrival	28
4903	arrive	31
2615	arrived	38
8	arthur	28
5380	article	59
5974	artificial	23
516	asia	132
191	asian	113
3838	aside	71
5946	ask	142
1295	asked	697
4922	asking	84
3431	asks	43
4920	aspect	52
5050	ass	54
2410	assembly	92
1758	assessment	44
530	asset	954
4386	assigned	55
2473	assist	55
1353	assistance	192
2803	assistant	97
4200	associate	188
986	associated	139
1585	association	655
2391	assume	76
1396	assumed	60
3261	assumes	24
2418	assuming	57
3688	assumption	73
158	assurance	84
4520	assure	29
5226	assured	31
2020	athens	24
2659	atlanta	138
5379	atlantic	99
808	atmosphere	21
2572	att	49
542	attached	45
3145	attack	181
3354	attacked	62
1676	attempt	315
245	attempted	39
3186	attempting	42
2326	attend	72
3149	attended	41
1333	attending	41
3752	attention	96
5250	attitude	70
2249	attorney	70
3750	attract	62
861	attracted	43
5045	attracting	21
3711	attractive	101
2731	attributable	51
2827	attributed	105
654	auction	122
4515	audit	33
587	auditor	48
3530	austerity	47
2028	austin	36
1247	australia	250
3331	australian	275
945	austria	30
3416	authorised	38
439	authority	387
312	authorization	44
4973	authorized	218
3905	auto	101
3512	automaker	66
2297	automated	38
5237	automatic	47
4475	automatically	30
1292	automation	29
4877	automobile	59
144	automotive	72
1622	autumn	68
234	availability	47
4145	available	852
5882	average	748
113	averaged	89
421	averaging	44
2340	avert	27
1383	avg	684
3063	aviation	79
2592	avoid	177
1811	avoiding	22
3387	awaiting	53
3766	award	88
132	awarded	190
4110	aware	62
2440	away	186
2145	axp	41
5479	b-1	32
3442	b-2	33
5569	b-3	21
5654	b-minus	36
5382	b-plus	27
5796	b.	39
2991	b.c.	21
4050	ba	56
6002	baa-1	21
4714	baa-2	28
4098	baa-3	22
765	bac	26
5144	bache	28
619	back	656
4899	backed	118
3550	background	22
5533	backing	57
3466	backlog	78
562	bad	124
4161	badly	48
5921	bag	77
2557	baghdad	43
3668	bahrain	76
3441	baker	322
4107	balance	537
5821	balanced	68
467	baldrige	47
2115	bale	22
942	ball	31
880	balladur	51
1891	bally	20
3071	baltimore	34
1844	ban	95
4092	banca	23
5704	banco	33
2510	bancorp	152
5307	bancshares	40
1571	band	68
4013	bang	21
3628	bangkok	58
4461	bangladesh	43
1533	bankamerica	44
4497	banker	481
1925	banking	666
795	bankrupt	20
1887	bankruptcy	158
3957	banned	21
350	banque	78
236	bar	49
444	barbara	25
302	barber	29
3175	barclays	47
3026	barely	21
697	bargain	21
6	bargaining	34
4619	barge	31
3010	barley	86
715	barney	63
1522	barred	28
879	barrel	405
4643	barrier	99
4736	barring	31
2598	barter	20
5062	base	413
3801	based	791
5967	basic	179
568	basically	42
1195	basin	45
4883	basis	768
5158	basket	31
1196	basle	20
3971	basra	29
4192	bass	23
4725	battle	95
1969	bay	53
2690	bb-minus	20
5613	bbb	29
1030	bbb-plus	24
5686	bbl	28
3701	beach	97
1728	bean	41
4158	bear	112
4882	bearing	44
297	bearish	39
2498	became	111
4968	become	425
4995	becomes	69
2579	becoming	81
564	beef	87
5771	beet	28
3329	began	414
5944	begin	508
868	beginning	294
4125	begun	109
1589	behalf	82
1789	behind	157
1350	beirut	20
809	belgian	100
387	belgium	100
2350	belgrade	42
924	belief	270
112	believe	330
3760	believed	239
1482	bell	113
4952	belt	26
4991	benchmark	50
1176	beneficial	55
1939	benefit	370
561	benson	26
5127	berne	23
733	besides	35
2554	best	243
4407	better	376
5731	beverage	27
1043	beverly	45
1774	beyond	119
3467	bid	703
3401	bidder	51
4555	bidding	64
1100	big	235
5652	bigger	41
2720	biggest	201
3947	bilateral	109
3256	bill	650
908	billing	20
10	binding	33
2995	biotechnology	35
1664	birmingham	32
5970	bit	67
4261	bitter	21
916	black	85
1828	blame	33
2940	blamed	67
4865	blast	25
3192	bloc	40
2664	block	158
4462	blocked	43
1352	blocking	26
1762	blood	58
927	blow	38
5467	blue	39
369	board	1550
1450	boat	26
3808	bob	45
177	boca	40
4966	body	145
1394	boeing	79
1199	boesky	22
3158	bogota	30
5167	boise	20
1275	bolivia	21
500	bolster	30
5713	bond	1055
4218	bonn	126
3492	bonus	129
2768	book	158
5386	booked	28
2885	boom	38
1085	boost	367
3426	boosted	100
5282	boosting	60
2197	bor	20
2500	border	62
1907	borg-warner	27
3323	borrow	57
2938	borrowed	27
4697	borrower	134
1437	borrowing	291
5560	boston	333
4111	bottom	57
4819	bottomed	20
2082	bought	547
4622	bound	40
1775	bourse	87
1148	box	23
5107	boycott	33
5511	bp	64
978	bp.l	21
5085	bpd	129
4278	brace	30
2772	bracket	27
4009	branch	178
3349	brand	91
5440	brasil	28
1958	brasilia	48
5642	brazil	421
3465	brazilian	239
224	breach	41
3118	breached	25
3035	break	126
4879	breakdown	48
4427	breaking	37
2512	breakthrough	26
842	brent	21
4482	brewery	21
2099	brian	43
5387	bridge	58
4633	brief	80
1654	briefing	55
5694	briefly	23
547	bright	20
3075	bring	277
4556	bringing	118
3954	brings	95
3504	brisbane	22
1998	britain	382
4885	british	590
5450	broad	109
3810	broadcast	52
352	broadcasting	77
441	broaden	27
4657	broader	42
1413	broadly	62
5753	broke	80
2458	broken	57
3621	broker	271
3407	brokerage	151
3180	broking	21
4402	brook	54
5864	bros	24
2645	brother	314
4908	brought	202
1707	brown	105
1964	bruce	24
993	brunswick	26
628	brussels	224
2323	bt	32
4700	budget	630
2036	budgetary	43
1646	budgeted	20
1491	buenos	54
5825	buenos aires	21
3856	buffer	83
4014	build	242
2566	building	261
2138	built	118
2293	bulk	105
1737	bull	43
1594	bullet	39
3496	bulletin	40
1251	bullion	37
1080	bullish	66
1691	bundesbank	167
5199	buoyant	33
4464	burden	101
565	bureau	121
480	burlington	38
4365	burn	28
3212	burnham	121
5720	bus	40
5577	bush	21
1472	bushel	105
2945	business	1494
5003	businessman	32
4168	businessmen	82
702	butter	25
1831	buy	1433
4761	buyback	48
3693	buyer	258
1942	buying	461
2134	buyout	150
5939	bv	27
3080	byrd	21
1938	c.	83
4391	ca	100
2256	cabinet	117
829	cable	132
2347	caesar	25
2401	cairo	22
3676	caisse	33
729	calculated	76
5822	calculating	30
2359	calculation	36
4893	calendar	146
193	calgary	132
1076	calif	808
2857	california	186
782	call	651
3739	callable	41
2784	called	700
2815	calling	109
416	calm	42
4438	cambridge	49
3950	came	278
2417	camp	26
1965	campaign	111
3524	canada	743
4423	canadian	544
4112	canberra	24
1340	cancel	31
2402	cancellation	23
3509	cancelled	52
4152	cancer	32
5742	candidate	71
4934	cane	29
3930	cannot	253
2569	canton	23
4519	cap	38
2349	capability	69
3798	capable	44
3425	capacity	316
1430	capel	25
5592	capital	1387
1447	capitalisation	26
4646	capitol	21
2272	captured	20
3249	car	359
3321	caracas	60
4986	carbide	24
73	card	80
2556	care	119
5963	careful	35
2668	carefully	43
5200	cargill	39
4001	cargo	144
4644	caribbean	30
5855	carl	44
3864	carlos	30
2545	carmaker	23
3281	carried	116
2071	carrier	104
6003	carry	299
3700	carryforward	56
1183	carryforwards	50
3182	carrying	110
2926	carson	21
152	cartel	24
1224	carter	29
3115	case	390
2641	cash	1165
4536	casino	25
4850	caspar	36
3443	cast	22
3804	casualty	43
2962	category	63
5482	cathode	20
1434	cattle	107
2396	caught	27
119	cause	223
5717	caused	312
1773	causing	73
4046	caution	50
4557	cautioned	41
182	cautious	70
56	cautiously	25
5505	cawl.l	23
637	cbs	27
2891	cbt	71
3540	ccc	92
724	cci	47
3382	cd	64
855	cdt	20
3373	cease	29
1917	ceased	20
5770	ceiling	120
286	cellular	23
3666	cement	29
1609	cent	459
939	center	209
5308	central	924
4425	centre	107
544	centre-right	20
4774	centrist	26
1068	century	54
5515	cereal	91
1625	certain	551
4210	certainly	108
2067	certificate	251
4771	cftc	54
601	cgp	20
1486	chain	67
3578	chair	20
5917	chairman	1361
2237	challenge	75
4654	challenged	22
2172	challenging	26
133	chamber	58
877	chance	194
1223	chancellor	107
184	change	969
2288	changed	287
2164	changing	84
1763	channel	56
3788	chapter	106
644	charge	533
5635	charged	146
1190	charging	37
1643	charles	117
2367	charlotte	37
3424	chart	25
3653	charter	40
1799	chartered	59
4385	chase	86
1992	cheap	51
3234	cheaper	67
5844	check	66
850	chemical	335
4395	chemlawn	25
2844	chicago	696
2703	chief	759
4887	child	38
4668	chile	57
1364	china	291
5692	chinese	106
4680	chip	104
4875	chirac	28
687	choice	107
3491	choke	20
3681	choose	35
288	chosen	45
5009	chris	21
3213	christian	48
4334	chrysler	125
3590	cie	43
3266	cif	44
4864	cigarette	20
3988	cincinnati	67
3564	circle	36
5138	circuit	60
2893	circulated	28
3227	circulation	69
1982	circumstance	99
3160	cite	20
966	cited	234
5146	citibank	68
5901	citicorp	100
3825	citing	85
5764	citizen	56
4435	citrus	28
2949	city	514
4314	civil	72
772	claim	216
4257	claimed	46
3358	claiming	28
5429	clara	31
4362	clarification	22
1913	clarify	24
5288	clark	22
5074	clash	26
4707	class	238
1959	classified	25
1845	clause	34
5920	clayton	102
5541	clear	264
1242	clearance	24
1990	cleared	47
2252	clearing	78
4150	clearly	107
5165	clercq	20
726	cleveland	96
4924	client	94
5945	climate	55
2171	climb	35
5929	climbed	53
3833	clinical	54
4289	close	844
332	closed	443
4734	closely	111
725	closer	57
4531	closing	302
2257	closure	55
4565	clothing	26
3	club	88
1637	cmb	23
4782	cme	32
1599	co	87
2888	co-lead	50
5164	co-managed	62
53	co-managers	30
4346	coal	111
19	coalition	58
1915	coarse	22
3517	coast	130
4354	coastal	46
5948	coca-cola	25
5584	cocoa	97
3826	coconut	27
4965	code	66
3168	coffee	194
1812	coin	32
5304	coincide	28
3243	cold	78
1574	collapse	98
2394	collapsed	26
4756	collateral	34
655	colleague	32
1649	collect	22
3736	collection	20
437	collective	27
1943	colo	96
4792	colombia	71
2471	colombian	25
4394	colombo	25
2370	color	24
4688	colorado	57
5644	columbia	130
4797	columbus	54
4272	combat	41
1239	combination	125
2079	combine	43
1457	combined	361
3584	combining	25
2559	come	552
1220	comex	32
4785	comfortable	26
5238	cominco	26
3560	coming	237
5867	command	36
2610	comment	660
2745	commented	62
4962	commenting	86
2840	commerce	300
4628	commercial	734
1746	commerical	21
1560	commerzbank	33
5374	commission	1278
4309	commissioner	84
1924	commitment	307
1821	committed	132
4320	committee	704
513	commodity	417
1710	common	1605
1303	commonwealth	41
3461	communication	291
4508	communique	59
4348	communist	71
3627	community	539
4333	compact	25
1307	comparable	178
259	compare	166
531	compared	998
713	comparison	71
491	compatible	36
2842	compensate	54
4392	compensated	22
3146	compensation	55
5370	compensatory	28
2230	compete	114
4666	competing	59
797	competition	241
4317	competitive	230
1494	competitiveness	83
3958	competitor	89
1433	complained	39
964	complaint	116
2488	complement	23
2852	complete	235
3070	completed	658
3967	completely	65
2618	completes	214
116	completing	35
2355	completion	209
3479	complex	106
5824	compliance	44
1187	complicated	31
3877	comply	61
4977	component	157
617	composite	46
815	compound	29
5310	comprehensive	57
4699	comprise	87
5297	comprised	56
3734	comprising	70
38	compromise	104
5609	computer	526
5672	computerized	26
4217	conable	27
1797	conceded	23
4805	concentrate	97
3892	concentrated	48
4717	concentration	21
4209	concept	62
4246	concern	402
4329	concerned	188
2680	concerning	82
4311	concerted	48
4479	concession	246
4322	conclude	39
5540	concluded	105
187	conclusion	53
1985	concrete	44
1098	condition	596
5676	conditional	31
745	conditioned	45
2180	conduct	90
814	conducted	95
2853	conducting	26
2523	confederation	21
5626	conference	628
4089	confidence	159
4846	confident	132
2509	confidential	27
7	confirm	57
3328	confirmation	56
5266	confirmed	166
1555	confirming	22
4316	confirms	41
1932	conflict	62
4490	confrontation	30
3367	conglomerate	26
2275	congress	403
5008	congressional	171
1495	congressman	47
534	conjunction	29
1438	conn	315
1238	connected	38
2858	connecticut	28
3456	connection	174
4678	conoco	23
1906	consecutive	62
5602	consensus	47
5398	consent	44
3013	consequence	57
2482	consequently	20
1483	conservation	58
3598	conservative	176
5414	consider	313
2843	considerable	97
2342	considerably	48
1086	consideration	148
4331	considered	234
4239	considering	252
5527	considers	49
166	consist	51
1785	consistent	73
3942	consistently	24
2335	consisting	40
3845	consists	64
2163	consolidate	30
3338	consolidated	161
1317	consolidation	60
4054	consortium	119
4500	constant	29
1302	constitute	23
684	constraint	32
4345	construct	20
331	construction	307
4656	constructive	27
5101	consultant	54
2699	consultation	65
123	consulting	44
1276	consumer	496
4563	consuming	30
5494	consumption	197
682	contact	94
5696	contacted	30
4541	contain	46
170	contained	81
3936	container	57
1267	containing	53
2638	contains	53
639	content	62
5928	contest	21
5098	context	37
1182	continental	130
4204	contingency	24
2590	contingent	43
92	continuation	28
2206	continue	889
1016	continued	496
4528	continues	188
4167	continuing	336
3772	continuous	36
4268	contra	30
4857	contract	970
5982	contracted	51
1414	contractor	49
5470	contrary	32
66	contrast	60
2116	contribute	84
698	contributed	106
5170	contributing	25
200	contribution	117
1529	control	705
5750	controlled	130
3498	controller	23
313	controlling	73
2904	controversial	88
32	controversy	23
3440	convention	36
649	conventional	37
3776	conversion	202
1561	convert	98
5002	converted	127
3527	convertible	525
3720	converting	27
1233	convince	26
4611	convinced	69
3187	cool	35
2250	cooper	33
1984	cooperate	88
2859	cooperation	252
6000	cooperative	57
1337	coordinate	34
5065	coordinated	37
3296	coordinating	23
4202	coordination	57
4452	cope	32
3355	copenhagen	32
5316	copper	118
3314	copy	40
5897	copyright	20
2717	corazon	34
5134	core	74
4481	corn	262
3842	corporate	438
873	corporation	371
2657	correct	59
5627	corrected	60
1648	correction	47
4815	corrects	42
1440	corresponding	42
4286	cosmetic	25
4524	cost	1132
1210	costa	55
2748	costing	25
3459	costly	47
1443	cotton	96
461	could	1900
3258	council	336
694	counsel	45
3605	count	57
4491	counter	46
2715	counterpart	43
3601	counterproductive	25
457	country	1720
5000	county	153
2733	couple	38
2936	coupled	49
1254	coupon	468
409	courier	35
2021	course	151
5795	court	424
5665	cover	363
88	coverage	61
12	covered	103
5068	covering	211
917	cp	20
941	cpc	21
2628	crash	40
5219	crazy	20
3385	create	150
4432	created	124
3308	creating	39
5229	creation	47
5718	credibility	32
3619	credit	1228
3084	creditor	345
934	creditwatch	23
5823	creek	22
2314	crew	31
3903	criminal	28
4710	crisis	251
2884	criterion	49
3155	critic	34
2959	critical	79
2571	criticised	68
5886	criticism	82
936	criticized	39
377	crop	354
2073	cross	57
3374	crown	113
1945	crucial	60
463	crude	416
3353	crusher	22
3702	crushing	26
4413	ct	196
4960	cuba	28
1169	cubic	85
99	cumulative	175
5241	curb	143
4742	curbing	27
3945	currency	891
1419	current	1564
2371	currently	660
763	custom	81
4131	customer	443
2974	cut	1229
5338	cutback	38
4383	cutting	167
738	cwt	53
280	cycle	33
4627	cyclops	42
5292	cyl	30
2177	d.	36
2155	d.c.	22
5455	daily	358
674	dairy	60
2006	daiwa	39
5090	dallas	281
156	damage	255
1301	damaged	72
4836	damaging	54
5701	dampen	29
5680	dan	43
40	danger	80
2108	dangerous	37
5490	daniel	74
5042	danish	45
5115	dart	22
2121	data	459
5705	date	733
1452	dated	45
4706	david	215
1280	davis	20
3665	day	1293
1245	dayton	55
3544	dd	34
3495	de	451
4229	dead	33
2105	deadline	92
355	deadlock	23
3886	deal	717
3716	dealer	678
185	dealing	188
2373	dealt	28
3729	dean	54
267	death	47
5451	debate	119
167	debenture	437
822	debit	32
4821	debt	1695
1621	debt-equity	25
4041	debtor	139
3521	decade	69
5147	decide	131
450	decided	391
4028	decides	40
4370	deciding	24
5723	decision	708
3433	declaration	38
26	declare	29
5538	declared	284
4796	declares	49
3659	decline	682
5114	declined	687
5	declining	142
1681	decrease	105
2817	decreased	40
3159	decreasing	21
5896	decree	28
2743	deduction	22
408	deep	71
5845	deeply	30
4143	deerfield	22
4330	default	52
5369	defeat	32
2535	defence	117
5324	defend	66
5936	defendant	33
75	defended	36
836	defending	21
3655	defends	20
1065	defense	201
163	defensive	32
803	defer	25
1372	deferred	56
2621	deficiency	52
1553	deficit	670
4748	defined	39
1081	definitely	30
203	definition	30
2874	definitive	158
3342	degree	90
4099	del	91
5806	delaware	58
1900	delay	183
1496	delayed	162
1328	delaying	23
5123	delegate	122
4854	delegation	93
3162	delhi	44
1005	deliver	45
1259	deliverable	24
1704	delivered	108
1219	delivery	357
2033	delta	37
5496	demand	833
4219	demanded	43
5562	demanding	45
2546	democracy	33
3746	democrat	160
1436	democratic	171
1877	demonstrate	25
4956	demonstrated	22
1730	demonstration	24
3260	den	24
762	denied	146
5332	denies	50
5912	denis	24
3662	denmark	78
3935	dennis	22
5024	denominated	46
2433	denomination	266
4326	denver	121
878	deny	43
3880	department	1015
3966	departure	39
4166	depend	86
4190	depended	28
5727	dependence	44
2327	dependent	41
324	depending	97
4907	depends	62
5347	deposit	505
4003	depositary	25
3122	deposited	23
4686	depositor	32
5685	depreciation	88
1541	depress	26
3283	depressed	116
1215	depth	45
2521	deputy	191
5489	deregulation	81
5988	described	132
4232	design	128
344	designated	30
1546	designed	271
5128	desire	46
2917	desk	21
2308	despite	528
5976	destination	54
1903	destroyed	51
2670	detail	609
4182	detailed	112
162	detect	23
1726	detected	22
3955	deterioration	54
4601	determination	48
1510	determine	128
812	determined	155
5888	determining	33
1705	detroit	177
5139	deutsche	60
5526	devaluation	39
2122	develop	231
2043	developed	224
2570	developer	35
690	developing	255
305	development	1107
5194	develops	29
251	device	90
3041	dhabi	31
3572	dhaka	30
2430	di	27
992	diagnostic	35
5309	diamond	41
1745	died	54
4082	diego	47
1688	diesel	25
1166	difference	135
2982	different	181
552	differential	69
5184	difficult	307
3297	difficulty	191
623	digital	91
3079	dilson	56
2377	diluted	133
68	dilution	22
3303	dinar	21
3072	dip	21
539	diplomat	141
2990	diplomatic	70
2113	dipped	30
3134	direct	196
4744	directed	34
2985	direction	128
5507	directive	20
2301	directly	130
90	director	794
2835	director-general	22
2338	disadvantage	24
5201	disagreed	21
4996	disagreement	26
4626	disappointed	40
1393	disappointing	37
1069	disaster	52
3648	disbursed	21
622	disbursement	23
4226	disc	20
4914	discipline	31
3336	disclose	109
3126	disclosed	325
3475	disclosure	71
4409	discontinued	257
4606	discount	327
1631	discounted	36
643	discourage	28
21	discovered	46
3098	discovery	55
4759	discus	284
4851	discussed	158
2503	discussing	77
5782	discussion	291
3309	disease	71
4604	disk	37
2368	dismiss	20
1535	dismissed	64
5913	disney	23
4276	display	38
4589	disposal	72
1888	disposition	27
230	dispute	244
731	disputed	38
3228	disrupted	26
3626	disruption	33
5235	distance	47
2947	distillate	35
1296	distiller	20
5276	distortion	21
5518	distribute	69
2693	distributed	100
3421	distributes	20
2429	distributing	22
4249	distribution	305
959	distributor	96
2892	district	161
1517	div	747
3412	diversification	27
1806	diversified	65
2741	diversify	46
4763	diversion	34
3345	diverted	22
2448	divest	25
258	divestiture	28
3172	divided	58
4343	dividend	986
3889	division	497
196	dixons	32
2518	dmp	32
3704	document	113
3990	documentation	26
4560	dodge	25
3357	dole	31
2352	dollar	1203
3973	dollar-denominated	22
4290	dome	60
2792	domestic	911
3112	domestically	31
1670	dominant	26
4115	dominated	27
2141	dominion	52
2118	donald	90
4298	donaldson	44
2442	done	186
3606	donor	40
2678	door	53
5980	dot	20
103	double	132
5757	doubled	50
4188	doubling	30
1860	doubt	119
4516	doubted	25
982	doubtful	24
575	douglas	86
3262	dow	97
1784	downgrade	119
1966	downgraded	92
5444	downturn	65
1343	downward	80
3430	downwards	22
3849	dozen	29
891	dr	31
2192	draft	94
2294	drafted	21
5061	drafting	29
4361	drain	61
1316	dramatic	53
2318	dramatically	29
524	drastic	33
2221	draw	79
1653	drawing	83
3751	drawn	71
4677	dresdner	25
4231	drew	48
1798	drexel	119
102	drill	41
502	drilled	35
2277	drilling	131
52	drink	20
2660	drive	122
2167	driven	22
3278	driving	28
756	drop	551
4834	dropped	259
2969	dropping	49
2447	drought	65
2395	drug	191
3493	dry	79
5392	du	61
3774	dual	33
3209	due	1967
3017	duesseldorf	21
1897	dumping	63
3946	durable	20
2729	durum	20
5120	dutch	185
1584	dutch/shell	40
420	duty	154
2098	dynamic	60
4786	e.	62
977	e.f.	91
1469	eager	27
752	earlier	1441
645	early	917
5195	earmarked	26
4307	earn	81
3780	earned	215
1752	earning	24
5708	earnings	925
3630	earthquake	70
2232	ease	139
3395	eased	112
3664	easier	98
5903	easily	59
5328	easing	71
3320	east	268
3673	easter	36
5087	eastern	110
1106	eastman	26
2106	easy	52
3596	ec	406
5931	echoed	22
905	economic	1241
3376	economically	29
4389	economics	81
1410	economist	349
370	economy	788
5758	ecu	49
2795	ecuador	96
2484	ecuadorean	27
4358	ecus	91
4595	edge	36
115	edged	27
2931	edible	24
5977	edison	60
5013	edition	25
1123	edmonton	29
2870	edouard	53
989	edt	59
5261	education	50
4630	edward	74
141	eep	33
1492	effect	611
1387	effective	652
5354	effectively	90
5025	effectiveness	23
761	efficiency	72
4869	efficient	46
1304	effort	538
2194	efh	27
5828	egypt	71
4593	eight	887
2464	eight-year	24
3169	either	247
1921	el	30
1692	elaborate	104
751	elaborating	22
1330	elder	29
1899	elect	54
5631	elected	98
5968	election	207
1579	electric	317
3193	electrical	84
4373	electricity	69
4790	electronic	190
3795	electronics	179
5256	element	81
1527	elevator	32
425	eligible	75
2882	eliminate	88
4021	eliminated	39
5385	eliminating	22
2312	elimination	48
2781	elizabeth	20
5365	else	50
641	elsewhere	63
854	em	41
5722	embassy	54
5740	emerge	45
3868	emerged	55
3559	emergency	116
1968	emerging	30
3025	emirate	51
1886	emission	20
3692	emphasis	48
3981	emphasized	25
3392	employ	65
892	employed	49
2832	employee	311
5895	employer	68
2480	employment	98
2673	en	22
701	enable	122
2701	enabled	22
4253	enabling	27
4104	enacted	24
4421	encourage	138
13	encouraged	66
1592	encouraging	90
5829	end	1460
4292	end-1985	21
3048	end-1986	44
2460	end-february	30
334	ended	986
268	ending	365
509	endorse	25
3128	endorsed	34
5940	energy	547
1228	enforcement	44
1429	engage	27
4352	engaged	49
5570	engine	106
1782	engineer	51
662	engineered	25
4642	engineering	162
2310	england	265
2110	englewood	34
3939	enhance	65
3891	enhanced	44
5611	enhancement	85
1441	enjoyed	25
400	enlarged	22
1665	enormous	43
155	enough	308
2386	enquiry	43
385	ensure	123
1323	enter	130
248	entered	227
2387	entering	38
4010	enterprise	220
668	entertainment	72
5173	entire	154
1060	entirely	54
149	entitle	21
5071	entitled	67
1955	entitles	20
4803	entity	78
1067	entry	78
1179	environment	111
2887	environmental	83
866	envisaged	33
3031	envoy	20
2612	epa	22
507	equal	214
2920	equally	57
3043	equipment	464
5196	equipped	21
3677	equitable	32
819	equity	499
1689	equivalent	193
851	error	26
4612	escalation	24
5497	escort	25
5281	especially	202
1099	essential	61
3004	essentially	31
536	est	66
4793	establish	124
1742	established	154
1534	establishing	47
5089	establishment	41
3486	estate	216
2119	estimate	485
3030	estimated	739
5667	et	33
3542	eugene	22
2975	euro-commercial	27
5879	eurobond	252
541	eurobonds	49
2013	eurodollar	50
2501	europe	370
2955	european	807
4713	euroyen	27
3715	evaluate	56
1050	evaluating	34
3706	evaluation	38
3657	evans	20
1312	even	487
1695	evening	39
1298	event	99
484	eventual	29
590	eventually	108
957	ever	116
292	every	198
2056	everyone	41
5343	everything	50
4514	evidence	116
202	evident	24
2896	exact	43
549	exactly	37
519	exaggerated	28
5155	examine	50
84	examining	24
3174	example	109
2289	exceed	142
2030	exceeded	63
3785	exceeding	50
3794	exceeds	41
3552	excellent	55
5141	except	109
1117	exception	51
2898	exceptional	22
3944	excess	181
4711	excessive	82
1474	exchangeable	55
4672	exchanged	51
5133	exchequer	103
3725	excise	28
229	exclude	104
3436	excluded	52
5043	excludes	261
656	excluding	117
4944	exclusive	72
285	exclusively	34
3686	executed	31
1497	execution	24
1997	executive	786
4324	exempt	21
971	exemption	33
3549	exercisable	66
2207	exercise	166
4062	exercised	58
4170	exist	43
1415	existed	21
4351	existence	28
4194	existing	367
3604	exists	26
1360	expand	270
932	expanded	103
2987	expanding	101
406	expands	25
2361	expansion	288
1502	expect	457
4047	expectation	229
2747	expected	1964
3020	expecting	49
4969	expects	873
2908	expenditure	174
704	expense	241
3264	expensive	80
2307	experience	87
4598	experienced	45
1442	experimental	20
5765	expert	90
2366	expertise	22
4807	expiration	79
2174	expire	130
5547	expired	78
4195	expires	95
237	expiring	23
454	explain	52
4485	explained	77
5468	explaining	29
5454	explanation	25
1232	exploration	201
3652	exploratory	23
4449	explore	68
602	exploring	28
1001	explosion	27
2515	export	1412
1516	export-import	24
5137	exported	87
3398	exporter	265
5964	exporting	95
2609	exposure	108
3650	express	135
5590	expressed	168
1736	extend	154
4429	extended	280
5301	extending	60
5357	extends	107
153	extension	117
4702	extensive	57
3820	extent	115
1386	external	160
4727	extra	92
1498	extraordinary	324
2994	extreme	30
5419	extremely	107
3726	exxon	54
586	eye	35
567	f.	63
4735	fabric	23
2336	face	343
5724	faced	97
1524	facilitate	36
2906	facility	500
1023	facing	73
2451	fact	198
1073	factor	434
5034	factory	98
5697	fail	64
3295	failed	267
1354	failing	80
5869	fails	41
1261	failure	193
3910	fair	115
1017	fairchild	28
4175	fairly	102
3543	faith	26
5962	fall	1037
5502	fallen	108
3415	falling	256
1614	false	34
3232	family	161
5188	far	616
1015	fare	34
2798	fargo	34
559	farm	345
415	farmer	281
114	farming	30
270	farmland	24
5483	fast	83
453	faster	82
4128	fat	71
2493	favor	80
1108	favorable	81
506	favored	25
4605	favour	89
3518	favourable	85
241	favoured	33
2341	fbc	26
5205	fcc	20
5643	fda	46
4086	fdic	26
5556	fe	34
1395	fear	214
4569	feared	43
5732	feasibility	40
5381	feature	81
4881	featured	23
4935	fed	367
1909	federal	1260
3730	federally	21
4121	federated	25
4967	federation	103
4682	fee	370
3009	feed	124
4998	feedgrains	28
3330	feel	135
131	feeling	45
2653	fell	901
1669	fellow	25
4390	felt	93
2728	ferdinand	28
1121	ferry	22
1823	fertiliser	25
5207	fewer	60
5015	fhlbb	27
1506	fiat	22
5342	fiber	31
5028	fibre	23
5218	fidelity	23
570	fiduciary	26
5709	field	247
5785	fierce	24
1484	fifth	62
1929	fight	95
3399	fighter	23
5995	fighting	67
5423	figure	926
5580	file	367
2877	filed	590
3852	filing	298
5712	fill	39
2266	filled	29
2213	film	50
5296	final	507
1601	finalised	28
4810	finalized	24
4374	finally	47
2979	finance	1296
907	financed	73
493	financial	1552
4020	financially	35
1778	financing	544
2941	find	257
1216	finding	92
4581	fine	78
4791	finish	37
1732	finished	68
5081	finland	37
57	finnish	29
940	fire	99
2636	fired	44
613	firm	1346
4350	firmed	64
1805	firmer	85
1222	firming	24
5413	firmly	34
257	first-quarter	27
2774	fiscal	640
5557	fish	30
5446	fit	46
5367	fitzwater	41
4961	five	1931
5059	five-year	181
5240	fix	49
1143	fixed	321
160	fixed-rate	24
2826	fla	326
2529	flag	45
2993	flat	85
4446	fleet	75
5295	fleming	21
3413	flexibility	100
1708	flexible	66
5177	flight	114
1426	float	48
5710	floated	31
3337	floating	101
2328	flood	43
3016	flooding	29
4582	floor	137
3768	florida	125
3851	flotation	29
813	flour	33
471	flow	284
1370	flowing	27
5536	fluctuate	24
3101	fluctuation	100
5840	fluid	21
3745	fly	39
5875	flying	31
1135	fob	72
2567	focus	140
3663	focused	31
3913	focusing	31
4930	follow	155
1468	followed	225
4080	following	745
4983	follows	201
4824	food	420
2725	foot	164
436	force	493
4127	forced	191
179	forcing	46
1859	ford	127
5096	forecast	548
3236	forecasting	32
4852	foreign	1576
316	foreigner	53
3840	foresaw	20
5904	foresee	22
2331	foreseeable	25
3914	forest	47
3671	form	443
1830	forma	26
2029	formal	139
4571	formally	79
711	formation	56
2188	formed	260
5012	former	384
4347	formerly	108
3197	forming	37
148	formula	54
769	fort	89
4501	forthcoming	28
3394	fortune	31
5491	forum	40
3265	forward	161
228	foster	69
1547	fought	20
1299	found	215
3229	foundation	46
2215	founded	25
985	founder	48
834	four	1450
3976	four-day	24
3210	four-year	56
3307	fourth	373
4675	framework	39
2584	franc	426
3625	francaise	20
5786	france	434
5247	franchise	39
2130	francisco	126
5983	frank	73
4302	frankfurt	218
2261	franklin	42
4632	frans	22
5811	fraud	63
710	fred	27
706	free	291
638	freedom	38
2674	freeze	93
4931	freight	90
3219	french	418
1931	frequently	25
5979	fresh	132
2773	friction	61
3419	friday	471
284	friend	30
1564	friendly	42
3534	front	75
140	frost	24
3796	froze	22
2449	frozen	79
2022	fruit	40
1634	frustration	25
1738	fslic	27
4673	fuel	178
981	fuji	23
37	fujitsu	33
2253	fulfill	25
1162	full	747
2865	full-year	23
4795	fully	225
1028	funaro	56
1362	function	60
3900	fund	1222
3502	fundamental	163
4584	fundamentally	20
4453	funded	35
1229	funding	170
1411	furniture	30
5405	furthermore	22
1926	future	1091
373	g-6	23
4248	g-7	80
5773	g.	26
3279	ga	77
2977	gaf	20
181	gain	1042
287	gained	111
787	gaining	31
1768	gallon	45
3024	game	38
2054	gap	104
274	garden	31
5057	gary	22
952	gas	551
3002	gasoline	100
3769	gate	26
1901	gathering	46
5445	gatt	117
2915	gauge	20
3872	gave	400
4892	gdp	83
781	ge	73
5807	gear	23
3203	gencorp	62
446	gene	24
4335	general	1271
4641	generale	53
3943	generally	196
294	generate	74
368	generated	78
2923	generating	43
122	generation	58
353	generic	38
5364	geneva	94
823	george	140
2576	georgia	41
3873	gerald	22
3853	gerhard	64
2209	german	299
1225	germany	89
1335	get	825
521	getting	111
80	getty	33
4548	ghana	28
2697	giant	61
1532	gilt	62
5744	girozentrale	21
4820	give	657
588	given	535
5575	giving	226
1214	glass	38
4526	global	172
3215	gm	147
792	gmbh	27
5610	gmt	179
1134	gnp	88
4439	go	538
4730	goal	154
876	going	387
3941	gold	329
3499	golden	41
973	goldman	141
3968	gone	59
2279	good	853
928	gorbachev	23
3961	gordon	41
5851	got	96
3132	governing	40
5586	governmental	22
1277	governor	223
5954	grace	80
967	grade	148
2076	grading	21
5736	gradual	51
2061	gradually	65
5230	grain	393
1725	grand	59
3361	grant	131
2435	granted	220
1339	granting	30
3178	graphic	54
632	great	226
4631	greater	288
4912	greatest	40
5242	greatly	45
3697	greece	53
404	greek	21
2217	green	61
2204	greenspan	47
1131	greenwich	47
5836	grew	132
3381	gros	25
2632	gross	298
2755	ground	149
4048	grove	25
3613	grow	186
2958	grower	76
4037	growing	326
496	grown	59
749	growth	970
2135	gte	28
1850	guarantee	167
4648	guaranteed	242
791	guaranty	70
4469	guard	37
5048	guerrilla	22
329	guess	28
776	guesstimate	25
5362	guesstimated	25
5558	guesstimating	25
3184	guidance	22
2186	guideline	56
4338	guilder	94
1540	guilty	27
1718	gulf	314
3722	gundy	31
3420	gy	44
511	h.	33
345	h.k.	76
2533	hague	43
458	half	633
3735	half-point	25
3343	hall	24
545	halt	124
5162	halted	81
1201	halting	25
827	hambros	22
1197	hamburg	44
2090	hampered	22
2445	han	33
1530	hand	215
120	handle	72
631	handled	33
2596	handling	60
3322	hanover	76
1605	happen	80
3915	happened	43
974	happening	27
4154	happens	23
168	happy	49
1849	harbor	29
1856	harbour	22
1580	harcourt	28
2956	hard	233
3375	harder	30
1795	hardly	22
4073	hardware	51
5358	harm	33
996	harold	27
5187	harper	21
1946	harris	84
1607	hartford	45
3765	harvest	99
2176	harvested	35
4587	harvesting	23
2481	hauppauge	28
2516	haven	22
106	hbj	24
2505	head	423
5847	headed	96
4085	heading	37
2244	headquartered	36
5574	headquarters	97
2181	health	216
3546	healthcare	29
594	healthy	54
3167	hear	27
1146	heard	50
3934	hearing	165
2692	heart	57
5377	heat	24
3144	heating	44
2785	heavily	86
1321	heavy	328
5647	hectare	81
5408	hedge	36
2242	hedging	42
4234	heifer	27
2823	height	23
5528	heightened	22
243	heinz	20
501	held	758
2573	helicopter	40
708	helmut	52
4138	help	787
1356	helped	164
5427	helping	49
4162	helsinki	40
2666	henley	20
4096	henry	46
5124	herald	28
3548	heritage	20
5624	herrington	22
2776	high	933
5537	high-level	27
1884	high-technology	22
95	higher	1099
1620	highest	136
4570	highlight	21
1612	highly	100
3674	highway	45
4847	hike	102
343	hill	156
2880	hilton	20
1658	hinted	20
3247	hire	24
581	hired	23
3151	historical	23
5832	history	81
2063	hit	342
2463	hoechst	20
3183	hog	99
393	hold	633
5180	holder	431
3427	holding	817
2491	hole	22
2740	holiday	63
3237	home	417
2127	hong	144
4178	hong kong	176
5422	hongkong	29
1720	honor	28
488	honour	20
300	hope	366
2583	hoped	150
1588	hopeful	25
3654	hoping	45
3741	horizon	22
1740	hormuz	21
1019	hospital	71
1890	host	33
4027	hostile	67
1976	hot	28
5914	hotel	116
5958	hour	252
4132	hourly	25
4800	house	940
1536	household	45
3897	housing	90
1686	houston	317
3111	howard	89
3901	however	1038
2595	hr	47
4492	ht	22
2241	hudson	41
2687	huge	164
2160	hughes	50
2129	human	64
528	hundred	83
3446	hungary	27
296	hunt	23
2101	hurt	142
750	hurting	23
5835	hutton	99
580	hydro	20
3959	iadb	29
4016	ibc	27
1922	ibm	105
832	icco	47
2952	ico	62
1380	idaho	38
2225	idea	176
360	ideal	22
213	identical	29
578	identified	132
3918	identify	74
5299	idle	35
1910	ignore	20
4751	ignored	26
665	ii	64
3318	iii	41
2581	ill	236
3884	illegal	66
1995	illinois	97
5179	image	45
5892	imbalance	136
3638	imf	138
5168	immediate	207
443	immediately	382
4397	imminent	34
4100	immune	25
4088	impact	380
4721	imperial	47
1064	implement	89
1014	implementation	62
351	implemented	73
2650	implementing	31
4505	implication	76
3545	implied	26
5044	import	834
1115	importance	59
4349	important	285
4378	imported	136
222	importer	87
1819	importing	43
5585	impose	124
1263	imposed	150
2100	imposing	31
4480	imposition	30
3690	impossible	61
5504	improve	274
3782	improved	292
3113	improvement	300
3528	improving	103
2060	inability	25
365	inadequate	62
87	incentive	145
1840	inch	32
2524	incident	26
4242	include	728
5743	included	388
2219	includes	806
2041	including	1040
2683	income	724
308	incorporate	20
1808	incorporated	27
3460	incorporation	23
2317	increase	1799
1644	increased	881
1102	increasing	322
5625	increasingly	119
573	incurred	80
3152	ind	101
695	indebted	27
4704	indebtedness	35
589	indeed	41
2226	indefinite	31
635	indefinitely	33
2506	independence	24
362	independent	198
1769	index	371
3624	india	113
2648	indian	66
2864	indiana	54
4102	indianapolis	54
817	indicate	80
3341	indicated	274
648	indicates	41
5077	indicating	40
2201	indication	134
2246	indicator	104
676	indictment	21
4237	indirect	50
1709	indirectly	43
2644	individual	214
2783	indonesia	118
5399	indonesian	70
5258	industrial	743
4745	industrialised	70
263	industrialized	46
5434	industry	1866
3324	inevitable	27
328	inflation	397
4936	inflationary	49
1053	inflow	51
804	influence	90
1031	informal	59
382	information	384
2897	informed	53
1838	infrastructure	23
1733	infringement	26
5289	infusion	24
1168	initial	507
3021	initially	142
527	initiated	23
72	initiative	139
4227	inject	24
2700	injection	47
3600	injunction	45
2679	injured	50
598	injury	36
1006	inland	35
5278	inn	23
754	innovative	27
1750	inquiry	78
2084	inside	53
2053	insider	64
205	insist	21
1227	insisted	38
1801	insolvent	26
15	inspection	58
3094	inspector	21
768	instability	33
2642	install	27
5907	installation	62
5793	installed	46
492	instalment	26
3963	instance	32
4375	instead	250
5960	institute	268
4818	institution	337
2096	institutional	142
1458	instructed	20
180	instruction	20
473	instrument	167
520	insufficient	37
3049	insurance	434
2631	insured	55
1972	insurer	41
1515	int	73
2243	integrated	87
1642	integration	38
3302	intel	22
2024	intelligence	51
2790	intend	82
4855	intended	158
3352	intends	222
4923	intense	29
4044	intensive	21
5991	intent	175
4757	intention	142
4775	inter-american	40
2813	interbank	146
2890	interest	2059
3569	interested	152
1639	interim	122
5458	interior	42
5462	intermediate	76
4880	internal	129
1857	internally	20
3837	international	2137
2587	internationally	39
4262	interpreted	21
1027	interstate	82
1078	intervene	75
3858	intervened	80
2652	intervenes	24
1349	intervention	291
3970	interview	284
2487	introduce	100
2924	introduced	270
4280	introduces	46
3166	introducing	46
2093	introduction	102
5842	inventory	207
2409	invest	149
2588	invested	61
4499	investigate	39
1246	investigating	47
3045	investigation	137
5706	investigator	20
5437	investing	42
3388	investment	1420
1694	investor	1001
5629	invited	60
253	involve	62
5231	involved	335
1456	involvement	46
930	involves	66
5657	involving	126
5893	iowa	66
2311	iran	216
5106	iranian	144
147	iraq	124
1122	iraqi	59
4265	ireland	38
5649	irish	24
1780	irna	25
2431	iron	51
423	irvine	56
465	irving	35
1842	island	131
728	israel	44
472	israeli	29
5745	issuance	81
3476	issue	1806
4215	issued	672
5225	issuer	43
1082	issuing	370
2456	italian	130
190	italy	238
5894	item	197
4925	itt	29
633	iv	29
1583	ivan	22
3607	ivory	32
3925	j.	92
3861	j.p.	39
2585	jack	47
2231	jackson	34
3634	jacksonville	29
5997	jacob	29
3533	jacques	57
612	jaime	47
3538	jakarta	70
1883	james	412
886	janeiro	64
2957	japan	1312
62	japanese	834
2930	jardine	28
4455	javier	21
4663	jefferies	30
1568	jeffrey	22
780	jenrette	40
5987	jerry	21
3473	jersey	32
2646	jet	79
1264	jim	83
3022	job	235
3620	jobless	32
1986	joe	24
2330	johannesburg	56
730	john	339
3508	johnson	85
1230	join	154
4377	joined	100
3093	joining	52
3819	joint	576
2793	jointly	119
4884	jones	81
828	jordan	23
2490	jorge	29
3904	jose	112
2901	joseph	67
5069	journal	35
4764	journalist	84
2899	jovanovich	25
4701	jpm	21
3171	jr	64
4263	juan	24
790	judge	79
3898	judgement	34
5578	judgment	58
1359	juice	36
2416	jump	60
4340	jumped	53
4695	jungle	21
699	junior	33
1747	jurisdiction	20
2425	jury	33
4356	justice	89
1873	justified	26
1351	justify	24
5600	kan	31
1010	kansa	134
5702	kansas city	37
3670	karl	42
1904	keen	36
3402	keep	318
5564	keeping	83
4661	kenneth	38
3646	kenya	30
1898	kept	103
4260	key	404
315	kidder	73
677	kiichi	86
1164	kill	24
5862	killed	94
159	kilo	89
1581	kind	132
478	king	58
3636	kingdom	40
4327	kit	37
2047	kleinwort	32
1933	km	91
2280	knew	31
3103	know	194
1310	knowledge	35
5186	known	206
5930	kodak	27
5714	kohl	26
3882	kong	145
3593	korea	76
4484	korean	33
5733	kuala	62
3890	kuwait	96
785	kuwaiti	68
2274	ky	38
5224	l.	42
4319	l.f.	23
3277	l.p.	51
1573	la	141
4404	lab	20
4667	label	26
2269	labor	90
3510	laboratory	126
5922	labour	175
5215	lack	154
2298	laid	49
3948	lake	125
4359	lambert	120
5926	land	182
4293	landesbank	22
1286	landing	20
1009	lane	24
3633	language	50
2309	lanka	35
4071	large	598
2558	large-scale	24
4564	largely	210
494	larger	161
4197	largest	619
125	larry	20
651	laser	37
3127	lasting	28
2575	late	633
717	later	663
3921	latest	422
3503	latin	146
1371	latter	45
3053	lauderdale	23
872	launch	199
2669	launched	209
124	launching	81
1878	law	464
840	lawmaker	44
2549	lawrence	55
4690	lawson	86
4538	lawsuit	94
1144	lawyer	62
3879	lay	49
5060	laying	25
4136	layoff	44
2291	lb	164
2173	ldp	46
5640	le	665
972	lead	959
666	leader	384
1832	leadership	67
219	leading	387
3737	leaf	78
5118	lease	124
904	leased	36
1552	leasing	54
2008	least	542
1861	leave	135
4900	leaving	119
4254	lebanon	26
5769	led	479
5038	lee	44
3271	left	246
1150	legal	202
692	legislation	243
1188	legislative	30
4776	legislator	25
1919	lehman	174
3248	lend	62
445	lender	115
3224	lending	304
4580	length	27
3893	lengthy	24
1935	lent	30
3259	leo	21
994	lessen	22
4	lesser	27
3829	let	121
1987	letter	370
794	level	1252
4470	leverage	61
5700	leveraged	74
2526	levied	26
5849	levy	46
1628	lewis	25
652	li	21
2374	liability	177
1999	liberal	117
5932	liberalisation	55
1066	liberty	21
5637	libor	78
1231	libya	25
2754	licence	78
3061	license	117
2027	licensed	35
100	licensing	69
2663	lie	25
4512	life	291
1133	lift	126
414	lifted	75
546	lifting	45
3289	light	290
2182	like	371
5097	likelihood	44
4502	likely	812
2462	lilly	20
5175	lima	33
3437	limit	375
207	limitation	29
239	limited	366
4440	limiting	59
5747	line	807
1218	link	124
4945	linked	113
5340	linking	38
4613	liquid	97
2942	liquidation	52
1120	liquidity	249
563	lira	69
4000	list	165
1716	listed	318
3983	listing	113
3488	litigation	80
2450	little	452
1045	live	94
3340	livestock	56
428	living	70
4240	lloyd	83
5102	lme	30
2011	load	96
3956	loading	52
2058	loan	1286
816	lobby	33
5636	lobbying	20
2436	local	512
1260	located	112
5555	location	83
5248	lombard	20
2325	london	1680
3867	london-based	34
1466	long	649
4917	long-range	24
4607	long-term	369
2883	longer	254
4957	longer-term	22
3998	look	250
83	looked	45
3685	looking	197
5285	loophole	20
3742	lord	22
1327	los	268
2744	los angeles	85
2605	lose	82
5993	losing	74
2599	loss	2031
138	lost	251
4938	lot	231
1402	louis	117
2304	louisiana	72
5735	louisville	24
3156	louvre	67
3989	low	632
1791	lower	1075
5715	lowered	150
4863	lowering	42
5943	lowest	117
2869	lp	64
1962	lucky	23
5014	lufkin	41
2502	luis	20
5421	lumber	29
1306	lumpur	62
2072	lunch	20
6004	luxembourg	258
621	luxury	24
5803	lynch	236
1269	lyng	58
4826	lyonnais	26
716	m-1	51
1444	m-2	35
3293	m-3	30
3047	m.	44
1615	m3	23
3738	ma	22
4754	machine	169
3811	machinery	96
1052	made	1598
2139	madrid	73
4042	mae	22
4151	magazine	45
3018	magnitude	25
1389	mail	42
3452	mailed	27
5169	main	438
2665	maine	24
2240	mainframe	24
3288	mainly	340
4972	maintain	264
1095	maintained	94
4858	maintaining	69
3325	maintains	26
5661	maintenance	92
1734	maize	89
2050	major	1454
1309	majority	266
2042	make	1297
3029	maker	250
2626	making	565
4129	malaysia	86
3074	malaysian	66
4683	malcolm	46
5662	man	50
3251	manage	67
610	managed	122
747	management	1029
4749	manager	865
1446	manages	20
1026	managing	167
1314	mandate	28
1203	mandated	23
3747	mandatory	44
1825	manhattan	95
2971	manila	120
4011	manipulation	21
4915	manner	33
2780	manuel	39
4282	manufacture	119
4561	manufactured	70
1569	manufacturer	285
2606	manufacturing	349
4400	many	695
354	marathon	35
3305	marcos	24
1977	margaret	53
691	margin	226
5477	marginal	47
4943	marginally	26
2934	marine	102
4616	mario	39
2767	mark	549
4750	marked	66
4414	markedly	20
4312	marketed	43
254	marketing	439
4929	marketplace	46
3464	marlin	41
2077	marshall	28
93	mart	27
3940	martin	90
2950	maryland	34
2777	mass	353
3996	massachusetts	27
3835	massive	96
1512	master	31
3005	match	81
307	mateo	43
667	material	264
3974	matter	219
737	mature	48
903	matures	45
5975	maturing	105
4032	maturity	247
537	maximize	21
3428	maximum	181
3629	maybe	35
1487	mcdonnell	55
5078	md	119
2647	meal	63
4483	mean	376
2661	meaning	31
1346	meaningful	20
1137	meant	102
1088	meantime	26
25	meanwhile	108
4081	measure	595
5707	measured	56
3300	measurement	27
4153	meat	62
2895	mechanism	60
3133	medical	173
5787	medicine	23
2468	mediterranean	21
5246	medium	233
4417	medium-sized	22
5959	medium-term	46
311	meet	610
3468	meeting	1473
4288	megawatt	28
2851	melbourne	60
2689	mellon	22
361	member	836
3617	membership	85
990	memorandum	30
4738	memory	62
1893	memphis	36
5335	men	53
3878	mention	28
1200	mentioned	34
1202	mer	46
2390	mercantile	99
214	merchandise	58
1158	merchant	128
3065	merely	37
4297	merge	112
2854	merged	65
1	merger	502
4478	merit	35
2761	merrill	233
1000	mesa	32
3683	message	44
1894	met	258
774	metal	237
1731	meter	25
1711	method	120
5017	metre	25
3827	metropolitan	40
5516	mexican	70
1071	mexico	188
1979	mhc	22
748	miami	135
226	mich	227
1927	michael	192
1363	michel	34
5202	michigan	82
2233	micro	30
3148	microchip	58
3689	microprocessor	25
4862	microwave	23
2966	mid	34
3347	mid-april	37
5264	mid-february	24
1826	mid-march	22
2617	midday	50
2711	middle	156
3304	mideast	31
2007	midland	89
4403	midnight	52
4095	midsession	42
2536	midwest	58
2485	might	570
4496	miguel	22
215	mikhail	23
20	milan	41
2847	mild	28
1348	mile	179
3405	military	208
2273	milk	35
997	mill	125
3566	miller	58
5874	milling	27
5566	million	142
2992	milwaukee	66
1221	mind	52
1526	mine	265
955	miner	57
3223	mineral	121
968	minicomputer	20
1696	minimal	35
4779	minimum	245
413	mining	221
5620	minister	1343
4053	ministerial	34
5814	ministry	688
2496	minn	125
833	minneapolis	205
5660	minnesota	44
2543	minor	37
5581	minority	127
3632	minus	39
2978	minute	98
3083	misleading	22
1617	miss	38
3906	missed	20
5918	missile	112
1002	missing	32
5891	mission	64
3131	mississippi	35
271	missouri	28
2582	mistake	25
4148	mitchell	21
3290	miti	40
5749	mitsubishi	61
3369	mitsui	34
5151	mix	25
4780	mixed	79
2421	miyazawa	100
883	mm	32
1680	mo	82
525	mob	29
5716	mobil	41
1781	mobile	49
1056	model	150
3391	moderate	114
4060	moderately	29
2819	modern	26
5755	modernization	21
742	modest	117
2495	modification	40
384	modified	32
1072	modify	22
4767	moines	25
2698	moisture	32
2044	moment	89
2260	momentum	63
2143	monday	368
4620	monetary	516
976	money	902
2586	monitor	74
585	monitored	37
395	monitoring	36
2779	monopoly	36
5542	montagu	27
481	montgomery	50
943	monthly	240
1244	montreal	160
255	mood	21
5668	moody	266
2639	moore	29
1397	moratorium	67
906	moreover	27
3091	morgan	254
5464	morning	381
2025	morocco	25
273	morris	24
4045	mortgage	243
5436	moscow	124
949	mostly	140
4827	motion	58
1713	motor	396
5348	mount	42
5878	mountain	86
3106	mounting	50
4203	move	849
4019	moved	117
3832	movement	204
1813	moving	146
3429	mr	44
5719	mt	31
4758	mthly	40
3522	mths	735
278	much	768
3037	mulford	20
325	mull	20
5898	multilateral	68
1040	multinational	23
4084	multiple	41
2354	munich	23
3645	municipal	29
31	must	636
1435	mutual	111
5331	n't	569
1403	n.	30
1454	n.c.	132
217	n.h.	35
2066	n.j.	451
4534	n.v.	42
1421	n.y.	444
3979	n.z.	66
3931	na	35
2662	nabisco	29
820	nakasone	116
1181	name	622
4585	named	377
2125	narrow	114
5850	narrowed	50
2758	narrowing	25
796	nasd	21
1175	nasdaq	110
489	nashville	36
4444	nation	671
261	national	1193
5678	nationale	41
2563	nationally	25
5150	nationwide	82
4430	nato	21
3691	natural	280
4871	nature	57
3977	naval	46
4698	navigation	22
2319	navy	91
2716	nbc	22
5623	near	447
5741	near-term	30
9	nearby	77
2428	nearly	292
4105	neb	22
4212	nebraska	21
2091	nec	25
121	necessarily	48
5093	necessary	278
712	neck	20
1518	nederland	20
427	need	699
4405	needed	392
1714	negative	164
4825	negotiate	124
5466	negotiated	105
3454	negotiating	174
3985	negotiation	489
5937	negotiator	84
2537	neighbouring	26
3640	neither	84
5353	nervous	43
1051	nervousness	24
995	netherlands	138
1381	network	279
4982	neutral	39
5655	nev	32
5372	nevada	38
5827	never	113
4179	nevertheless	38
2049	new china	32
1820	new england	50
3082	new jersey	74
3899	new mexico	26
2144	new south	21
2550	new york	931
2424	new zealand	148
5302	newark	25
2568	newly	155
2544	newmont	23
3434	newport	31
2265	news	804
2062	newsletter	26
4992	newspaper	277
2553	next	1408
2508	nicaragua	31
3481	nicaraguan	30
5035	nickel	26
91	nigel	73
1971	nigeria	50
5410	nigerian	28
5508	night	257
5318	nikko	43
1118	nine	1250
4008	nippon	76
5861	nissan	24
1600	nobody	22
4728	nominal	105
3635	nominated	25
5355	nomination	25
5270	nominee	28
1575	nomura	59
76	non-accrual	30
5992	non-bank	28
5271	non-callable	185
2775	non-oil	26
2466	non-opec	23
3585	non-performing	41
2837	non-recurring	30
5941	non-refundable	31
5900	non-voting	29
732	none	64
4889	noon	22
4987	noranda	33
5789	norfolk	23
2477	normal	187
4984	normally	84
3202	north	192
2707	north america	82
269	north american	71
969	north carolina	24
2742	north sea	45
3995	northeast	63
5463	northeastern	25
1057	northern	190
2848	northwest	66
3218	norway	63
1944	norwegian	36
1672	notably	43
3344	note	2150
1593	noted	653
5682	nothing	134
2839	notice	80
5756	notified	33
3339	noting	120
2943	nova	34
5383	nsc	20
1570	nuclear	121
4163	number	698
5871	numerous	22
2721	nv	112
383	ny	24
4379	nyse	85
3541	oak	53
1011	oat	45
150	object	25
3116	objection	63
4510	objective	103
5046	obligation	168
811	obliged	22
101	observer	37
1250	obstacle	49
381	obtain	109
2797	obtained	92
858	obtaining	46
2154	obvious	25
1604	obviously	42
4213	occasion	25
3480	occidental	34
806	occur	79
5397	occurred	87
2162	ocean	34
1485	oecd	60
1503	offensive	36
3057	offer	1512
3060	offered	602
1318	offering	929
2909	office	556
1240	officer	468
838	officially	69
1366	offset	219
2406	offsetting	27
4539	offshore	138
3333	often	95
4878	ohio	278
2970	oil	1473
2903	oilfield	36
5416	oilseed	71
1868	okla	63
390	oklahoma	80
2507	old	145
5217	oliver	22
1863	omaha	30
1577	one-day	23
2102	one-for-one	21
2706	one-half	31
2322	one-month	29
5544	one-third	65
894	one-time	52
2564	one-year	52
1818	ongoing	79
5239	ongpin	36
3335	onshore	20
4784	ontario	131
4841	onto	46
4768	opec	145
5606	open	793
1205	opened	242
5594	opening	275
5086	oper	340
5608	operate	244
3802	operated	97
5401	operates	129
3414	operating	745
2855	operation	1290
659	operational	52
4344	operator	177
342	opinion	160
753	opportunity	228
2465	oppose	71
517	opposed	154
5935	opposes	67
2886	opposing	26
1706	opposition	229
607	optic	20
2283	optical	22
5360	optimism	67
3531	optimistic	140
357	option	720
1425	optional	26
1331	orange	52
583	order	707
3195	ordered	116
4412	orderly	22
2751	ordinary	139
298	ore	163
5911	oregon	32
1342	organisation	191
2254	organization	245
626	origin	63
3814	original	183
946	originally	187
627	orlando	29
1657	orleans	25
2997	osaka	56
1234	oslo	28
5679	others	251
4341	otherwise	73
1198	ottawa	129
1668	otto	38
3667	ought	25
3404	ounce	152
1325	outcome	92
5244	outflow	54
4625	outlay	43
4720	outlet	46
4149	outline	45
5808	outlined	64
5809	outlook	211
4024	output	485
4806	outright	55
2097	outside	249
4522	outstanding	924
5063	over-the-counter	34
5080	overall	294
2094	overallotments	24
4156	overcome	31
3087	overdue	23
5839	overhaul	44
5088	overhead	21
1476	overnight	126
61	overseas	288
510	oversubscribed	24
5183	owed	75
3143	owes	26
5415	owing	25
5027	owned	603
2519	owner	136
980	ownership	169
1684	owning	28
356	owns	236
2290	oxy	25
799	p.	35
1077	pa	205
2016	pace	97
1618	pacific	281
2153	package	368
5810	packaging	49
2911	pact	483
2845	page	22
4953	paid	491
5831	painewebber	67
4715	pakistan	61
4503	palm	92
216	palo	36
238	pan	31
4640	panel	148
5329	panic	44
3294	paper	463
4859	par	309
5016	parallel	28
1273	parent	250
3315	paribas	35
3582	paris	642
143	park	95
921	parliament	229
2831	parliamentary	92
1822	part	1180
4233	partial	61
1509	partially	66
3618	participant	114
1635	participate	92
1178	participating	55
3225	participation	152
1804	particular	127
4739	particularly	253
2365	partly	211
1308	partner	398
111	partnership	232
3110	party	455
954	pas	66
5762	pass	25
5866	passage	49
1989	passed	142
2972	passenger	122
398	passing	27
899	past	559
4853	patent	84
5512	path	31
4732	patient	39
4507	patrick	36
1951	pattern	58
2107	paul	271
1207	paulo	63
3987	pave	28
3817	pay	1459
909	payable	426
2542	paying	295
5859	payment	1129
3672	payout	319
1889	payroll	21
3507	pc	46
512	pct-owned	41
4274	peabody	82
4025	peace	29
5092	peak	81
5161	peaked	21
4199	pegged	27
235	peking	142
2009	penalty	46
3067	pending	209
2299	penn	36
2954	pennsylvania	55
4830	penny	47
1029	pennzoil	52
5456	pension	135
5841	pentagon	40
1851	people	466
3911	per	2028
4746	per-share	26
2866	percent	26
5036	percentage	222
4004	perception	35
2968	perform	27
2807	performance	297
358	performed	28
4976	perhaps	73
1104	period	1316
2032	peripheral	24
824	permanent	52
1603	permission	66
3198	permit	146
5260	permitted	55
5293	person	73
2702	personal	234
2597	personally	23
2026	personnel	73
5641	persuade	39
485	peru	66
869	peruvian	21
3972	peseta	26
902	peso	54
2623	pessimistic	25
4181	peter	103
346	petition	55
1777	petrobras	21
1934	petrochemical	28
5628	petrol	29
1772	petroleos	26
2218	petroleum	462
1059	pharmaceutical	109
3015	phase	92
2320	phelps	32
3380	philadelphia	124
766	philip	67
4176	philippine	156
3669	phillips	48
5915	phoenix	63
2002	phone	35
5768	physical	55
85	pick	51
3511	picked	24
2088	picking	21
3661	pickup	22
1034	picture	82
4801	pie	30
4066	piece	20
34	piedmont	41
4382	pik	22
1824	pilot	45
2295	pipe	30
3731	pipeline	157
262	pit	37
4457	pittsburgh	101
470	place	401
5986	placed	193
4388	placement	121
920	placing	49
1324	plain	55
5953	plan	2012
1770	plane	85
2388	planned	543
448	planning	229
4559	plant	650
2530	plantation	24
1388	planted	55
459	planting	72
2989	plastic	62
4603	platform	60
2078	platinum	29
1055	play	87
4517	played	45
5245	player	47
5923	plaza	26
3088	plc	571
65	plea	27
529	pleased	40
1427	pledge	80
4420	pledged	82
4247	plunge	41
5442	plunged	46
3975	plus	309
3457	poehl	38
5140	point	909
164	pointed	121
5674	pointing	26
4652	poised	27
1235	poland	27
4566	police	81
5487	policy	937
5876	political	334
2193	politically	37
2735	politician	34
2841	poll	103
1667	polled	57
4294	pollution	34
3537	pont	21
4381	pontiac	29
577	pool	40
3748	poor	403
42	poorest	20
4997	popular	59
389	popularity	33
538	population	45
3997	pork	52
2236	port	212
4468	portfolio	128
3980	portion	159
4124	portland	74
5352	portugal	59
3865	portuguese	26
2109	pose	33
2239	posed	27
5052	position	698
1255	positive	188
5919	positively	21
1477	possibility	225
3887	possible	692
2667	possibly	140
1719	post	250
3573	posted	182
2561	posting	82
3014	postpone	33
1145	postponed	56
991	potential	328
1489	potentially	44
3012	poultry	33
1981	pound	150
2538	power	570
246	powerful	62
4399	practical	23
1948	practice	179
503	praecipuum	21
3089	praised	24
2800	pratt	22
2820	pre-split	21
276	pre-tax	147
591	preceding	25
5452	precious	42
929	precise	30
1975	precision	26
5908	predict	67
5666	predicted	210
198	prediction	53
1679	predicts	38
4769	prefer	40
1375	preference	92
4416	preferential	22
4012	preferred	520
661	preliminary	211
2262	premature	29
5767	premier	51
4637	premium	225
3194	preparation	45
3090	prepare	44
4236	prepared	268
1779	preparing	61
3312	presence	80
2222	present	442
2385	presentation	36
2114	presented	111
2788	presently	37
5424	preserve	39
4142	presidency	31
4765	president	1773
5283	presidential	92
4017	press	410
3870	pressed	39
4888	pressing	60
4342	pressure	497
3463	pressured	25
1682	pretax	201
4733	pretoria	24
5523	pretty	36
777	prevailing	50
5550	prevent	191
129	prevented	34
5500	preventing	47
5684	previous	710
3839	previously	798
2439	previously-announced	60
1147	priced	515
2146	pricing	208
3682	primarily	142
1449	primary	202
2494	prime	529
5868	princeton	22
2965	principal	295
2593	principally	30
1636	principle	246
950	printed	20
4665	printer	41
2398	printing	43
3141	prior	988
1744	priority	94
2551	private	765
41	privately	124
4599	privately-held	73
1993	privatisation	54
495	privatised	30
5681	pro	42
3095	probable	28
5471	probably	378
290	probe	47
5612	problem	764
1094	procedure	110
1471	proceed	94
3028	proceeding	102
128	proceeds	522
664	process	294
1500	processed	31
2040	processing	171
4244	processor	73
2829	procurement	32
69	produce	368
3055	produced	269
117	producer	543
282	producing	212
4638	product	1510
3723	production	1158
330	productive	29
1373	productivity	65
4285	professional	59
3311	professor	37
3100	profile	25
2055	profit	1596
3274	profit-taking	30
5298	profitability	101
849	profitable	127
4718	program	1012
2910	programme	115
5376	programming	20
2303	progress	236
4778	progressive	25
4660	prohibit	22
4833	prohibited	28
4712	prohibiting	24
2345	project	509
979	projected	197
199	projection	65
5587	prolonged	28
4949	prominent	20
2905	promise	68
5766	promised	84
5255	promising	41
336	promissory	26
189	promote	105
3714	promoting	40
1294	promotion	40
5105	prompt	52
1550	prompted	93
646	promptly	28
4568	proper	35
5435	properly	27
5872	property	365
3157	proportion	65
4275	proposal	757
5509	propose	69
3383	proposed	877
1478	proposes	87
4396	proposing	39
4999	proprietary	31
5607	prosecutor	35
4670	prospect	291
1816	prospective	39
4705	prospectus	54
5833	protect	156
4315	protected	43
1538	protecting	29
3471	protection	192
1113	protectionism	77
1666	protectionist	127
5156	protective	20
1290	protein	37
505	protest	122
718	prove	73
349	proved	59
2580	proven	42
1287	provide	616
5388	provided	283
5320	providence	28
5812	provides	155
2095	providing	149
1630	province	100
3317	provincial	32
4428	provision	408
4187	provisional	117
2003	provisionally	28
3086	provoke	21
1902	proxy	54
1157	prudential	34
4558	prudential-bache	29
3608	pty	25
1124	public	1061
5005	publication	54
4910	publicly	76
5344	publish	20
1596	published	168
4873	publisher	41
3011	publishing	67
1729	pull	37
4406	pulp	28
434	pump	30
5852	pumping	22
3275	punitive	22
2459	purchase	1054
64	purchased	244
3306	purchaser	44
3244	purchasing	69
44	pure	20
2393	purely	27
540	purolator	26
3474	purpose	310
4069	pursuant	30
5433	pursue	99
341	pursued	22
3770	pursuing	25
4532	push	140
4367	pushed	83
1047	pushing	55
2849	put	604
4357	putting	80
2789	pwj	28
211	pzl	38
1311	qatar	35
5561	qtly	598
2149	qtrly	52
5181	quake	27
2012	qualified	48
4117	qualify	33
3885	quality	182
63	quantity	62
4886	quarter	1295
3923	quarterly	437
2602	quebec	82
4281	queensland	20
2560	query	29
318	question	330
4895	questioned	46
566	quick	68
4436	quickly	164
688	quiet	76
1243	quietly	30
3125	quite	86
1358	quito	38
4811	quota	251
2278	quotation	34
1007	quote	51
2381	quoted	360
1551	quoting	50
2178	r.	38
5881	r.i.	29
4443	radical	35
380	radio	124
2159	raid	35
925	rail	51
5774	railroad	36
3384	railway	68
5402	rain	102
3506	rainfall	44
2649	raise	813
5447	raised	522
1598	raising	328
252	rallied	21
3679	rally	81
5341	ran	50
3450	rand	41
220	range	487
5004	ranged	48
5656	ranging	124
109	rank	44
4535	rapeseed	47
4119	rapid	119
1833	rapidly	88
5135	rare	25
3092	rated	153
2818	rather	329
45	rating	241
2175	ratio	150
348	raton	40
2351	raw	122
3292	ray	25
5233	rbd	26
634	rd	30
700	reach	323
779	reached	542
2128	reaching	74
3423	react	43
4974	reacted	32
4659	reacting	26
3909	reaction	133
5337	read	44
451	readily	20
2922	reading	29
680	ready	154
347	reaffirmed	57
1511	reagan	594
4094	real	456
5039	realistic	46
4896	reality	50
3069	realize	30
987	realized	49
3217	really	128
2531	realty	59
3993	reason	359
2339	reasonable	87
2944	reasonably	23
1262	rebate	62
4906	rebel	55
1613	rebound	28
4942	recall	22
935	recapitalization	60
3863	receipt	114
2589	receivables	21
913	receive	409
746	received	687
5472	receives	50
2799	receiving	83
5804	recent	918
4990	recently	491
1829	reception	26
846	recession	109
320	recipient	21
4070	recognition	29
947	recognize	29
1405	recognized	30
881	recommend	66
2392	recommendation	155
5999	recommended	101
5501	recommending	21
923	reconsider	24
1463	record	1668
4097	recorded	127
2285	recording	20
96	recover	91
338	recovered	65
5263	recovering	20
3744	recovery	218
4006	red	82
1042	redeem	155
5485	redeemable	75
130	redeemed	48
2611	redemption	145
1488	redress	23
242	reduce	668
4832	reduced	482
5778	reduces	54
5669	reducing	198
2383	reduction	452
5286	reed	27
1125	reference	77
1479	referred	44
5322	referring	87
2986	refinance	48
2147	refinancing	58
1611	refined	78
5776	refiner	45
1097	refinery	106
5119	refining	66
569	reflect	262
821	reflected	196
4259	reflecting	108
5067	reflection	20
4724	reflects	139
1103	reform	313
1595	reforming	21
870	refrain	23
919	refund	28
1549	refunding	20
4723	refusal	42
3599	refuse	37
2548	refused	142
727	refusing	26
108	regain	26
5321	regan	20
4172	regard	58
3240	regarded	29
4872	regarding	85
5121	regardless	38
2718	regime	27
3179	region	240
426	regional	162
5051	register	46
5754	registered	166
1967	registration	261
2574	regret	26
629	regular	255
523	regularly	26
4781	regulate	20
1662	regulated	20
2504	regulates	22
3108	regulation	190
1092	regulator	111
3470	regulatory	272
98	rehabilitation	20
2513	reiterated	83
5598	reject	114
4608	rejected	246
4994	rejection	32
2364	related	276
3719	relating	51
2766	relation	175
4304	relationship	96
1423	relative	90
5837	relatively	180
1293	release	184
3553	released	229
1961	reliance	30
4220	relief	127
186	relieve	20
4573	reluctance	34
3310	reluctant	57
5420	rely	33
615	remain	523
4692	remainder	99
3439	remained	231
4901	remaining	314
3705	remains	284
3346	remark	165
4636	remote	27
3379	removal	50
3928	remove	87
340	removed	55
5604	removing	25
4305	renault	26
1616	renegotiation	26
1400	renew	40
3532	renewal	46
3962	renewed	114
2051	rent	22
663	rental	38
5251	reopen	45
740	reopening	20
4251	reorganization	126
5951	rep	82
1032	repaid	45
178	repair	59
1721	repay	160
2378	repaying	28
5327	repayment	213
2578	repeat	31
3272	repeated	80
4258	repeatedly	53
3046	replace	155
2900	replaced	73
910	replacement	61
482	replaces	46
1674	replacing	60
5262	replied	68
584	reply	57
1464	report	1294
5277	reported	1069
802	reportedly	21
1661	reporter	571
2996	reporting	122
2080	represent	106
2120	representation	35
5687	representative	406
4602	represented	98
142	representing	177
4022	represents	174
1960	republic	67
543	republican	119
1996	repurchase	352
5055	repurchased	36
958	reputation	23
4323	request	303
474	requested	102
2802	requesting	21
2876	require	197
304	required	286
4897	requirement	359
558	requires	99
18	requiring	69
4551	resale	28
2344	reschedule	38
2286	rescheduled	30
1980	rescheduling	130
1272	rescue	35
486	research	392
3623	researcher	22
402	reservation	32
5083	reserve	984
3539	reserved	39
3231	resident	52
247	residential	47
4245	residual	30
3027	resign	39
4905	resignation	85
223	resigned	165
4513	resigns	54
5492	resist	50
1024	resistance	63
2086	resisting	20
5551	resolution	74
4035	resolve	130
898	resolved	87
5384	resolving	25
2671	resort	54
4164	resource	455
4454	respect	80
462	respective	53
3712	respectively	279
212	respond	80
3641	responded	53
5818	responding	68
3411	response	393
5595	responsibility	96
1406	responsible	123
1974	rest	232
2889	restart	22
2408	restated	127
1698	restaurant	63
4753	restore	65
1767	restored	32
4777	restraining	21
4988	restraint	69
5925	restrict	49
1248	restricted	73
3077	restriction	166
770	restrictive	44
4918	restructure	78
127	restructured	45
2600	restructuring	326
5597	result	1365
2010	resulted	157
4122	resulting	166
5573	resume	137
3871	resumed	44
3332	resumption	22
2179	retail	246
5790	retailer	59
3008	retailing	21
4913	retain	128
1378	retained	91
606	retains	20
2313	retaliate	66
874	retaliation	128
291	retaliatory	57
2914	retire	71
1756	retired	49
476	retirement	74
1377	return	443
4546	returned	91
4224	returning	43
3813	reuters	931
4662	rev	1495
937	revaluation	33
5699	reveal	23
839	revealed	24
1619	revenue	743
4623	reversal	31
1361	reverse	81
5484	reversed	33
3254	review	400
3319	reviewed	51
3614	reviewing	64
4051	revise	64
5122	revised	319
3363	revision	80
3120	revive	25
4970	revlon	22
3378	revolving	74
3214	reynolds	63
1765	rica	28
1673	rice	100
3435	rich	35
3445	richard	217
126	richfield	22
1391	richmond	52
5172	rig	50
4300	right	671
4741	rigid	21
5148	ring	32
5100	ringgit	32
5961	rio	84
3551	rio de janeiro	31
2031	rise	1458
447	risen	137
2486	rising	384
5465	risk	300
3482	risky	24
3000	rival	63
499	river	122
893	riyal	29
5396	rjr	25
5798	road	80
5559	robert	317
2838	robin	27
2708	rochester	55
4049	rock	45
2846	rocket	20
1862	roebuck	31
4465	roger	43
2168	role	237
5159	roll	38
5927	rolled	23
146	rolling	24
5797	rome	99
4594	ronald	61
4267	room	117
2980	rose	1237
1206	ross	24
2878	rostenkowski	25
2625	rothschild	29
1953	rotterdam	63
3631	roughly	62
232	round	175
4451	route	88
571	routine	37
176	row	92
3054	roy	28
5957	royal	114
4876	royalty	63
1285	rpt	23
1918	rubber	99
3147	rule	382
4645	ruled	107
2691	ruling	292
3960	rumor	88
4828	rumored	20
3291	rumour	55
3575	run	271
5648	running	146
266	rupee	37
455	rural	50
4839	rush	22
614	s.	153
2353	s.a.	46
1866	s.c.	25
1875	s.g.	32
1226	s/p	152
197	sa	100
574	sachs	145
281	safe	32
3073	safeguard	27
1817	safety	71
2677	salary	68
366	salomon	181
5193	salt	49
1281	same-store	22
1663	sample	21
3422	samuel	42
5752	san	297
686	san diego	21
1021	san francisco	45
5817	sanction	96
1633	sand	21
2423	sanford	24
4798	santa	133
3484	santos	36
5984	sao	64
2722	sarney	38
933	satellite	45
2212	satisfactory	84
5474	satisfied	63
2825	satisfy	44
4804	satoshi	35
3348	saturday	116
4948	saudi	73
5023	saudi arabia	97
5359	saudi arabian	31
5117	save	81
5996	saved	20
3846	saving	489
4814	saw	186
3567	say	1906
5614	saying	489
2346	sb	33
4588	scale	103
3779	scandal	95
2420	scattered	22
857	scenario	26
1322	sceptical	24
1278	schedule	110
4543	scheduled	487
3574	scheme	139
4160	schlesinger	21
5826	school	45
3406	science	62
4171	scientific	51
2875	scientist	27
475	scope	50
5589	scotia	21
3515	scott	53
3883	scrap	35
4671	screen	32
3775	sea	109
5317	seaman	35
4928	search	37
2988	sears	38
3451	season	164
2637	seasonal	79
2104	seasonally	165
609	seat	166
1760	seattle	65
720	sec	193
5688	second	791
5311	secondary	99
3786	secret	50
1424	secretary	635
429	section	80
3707	sector	604
2810	secure	65
5899	secured	104
1656	security	1962
3226	see	1130
4985	seed	33
5848	seeing	39
5933	seek	594
1837	seeking	424
3255	seem	69
5103	seemed	63
1847	seems	97
4829	seen	536
2738	segment	71
5019	select	31
5460	selected	90
5488	selective	22
2912	sell	1301
2850	seller	75
2555	selling	760
4473	selloff	22
4495	semi-annual	48
1755	semiconductor	167
1460	seminar	21
3207	sen	77
2998	senate	305
5902	senator	79
440	send	65
557	sending	28
5820	senior	746
1165	sense	65
1208	sensitive	41
139	sent	169
289	sentiment	107
4223	seoul	70
3536	separate	192
2112	separately	76
5303	sept	120
4059	serf	37
4424	series	343
2834	serious	213
2902	seriously	97
1880	serve	124
2000	served	71
3708	service	1427
4448	servicing	57
1525	serving	36
5801	session	265
2302	set	1980
1008	setback	41
3850	setting	114
1970	settle	100
5934	settled	72
3859	settlement	238
4576	settling	23
4975	seven	956
3937	seven-year	64
391	seventh	27
1645	several	757
1542	severe	106
5616	severely	51
1172	shall	21
3448	shamrock	32
3418	shanghai	39
5356	shape	30
5860	shared	42
611	shareholder	1111
5591	shareholding	26
4456	sharing	43
51	sharp	341
4898	sharply	366
2441	shearson	178
5703	shed	25
4206	sheet	134
4185	shelf	103
256	shell	62
5349	shield	25
2643	shift	141
3280	shifting	31
5280	ship	215
3724	shipbuilding	29
705	shipment	376
3732	shipped	77
696	shipping	196
165	shock	24
136	shoe	25
4509	shop	40
1212	shopping	47
4993	short	392
5517	short-term	293
3866	shortage	190
5949	shorter	28
5265	shortfall	92
5481	shortly	150
2737	shot	26
5858	show	572
2184	showed	388
5214	showing	101
5064	shown	88
2511	shrs	691
1640	shultz	55
5721	shut	87
1048	shutdown	36
1003	side	259
4075	siemens	28
3190	sight	39
3658	sign	380
767	signal	137
798	signalled	24
1093	signed	616
1587	significance	27
1508	significant	341
4147	significantly	170
2981	signing	50
1685	silkworm	21
3916	silver	115
4038	similar	353
4228	similarly	25
1129	simon	25
4031	simple	29
3656	simply	90
3078	simultaneously	34
4916	since	1365
5916	singapore	126
2399	single	153
975	single-family	24
2085	sinking	62
5734	sir	44
3576	sit	26
5448	site	112
1916	situation	383
2730	six	1546
526	six-month	53
3368	six-year	27
5856	sixth	53
5305	size	166
1480	sizeable	26
1465	slack	24
1374	slash	28
1109	slashed	21
5075	slated	24
2547	slaughter	53
2591	slide	72
4255	slight	77
3245	slightly	348
4799	slim	20
5346	slip	23
4336	slipped	58
3257	slow	192
2719	slowdown	40
1531	slowed	69
1170	slower	59
3874	slowing	49
2929	slowly	44
5513	sluggish	57
3637	slump	58
1058	small	445
953	smaller	136
1519	smelter	52
2937	smith	126
2685	snow	32
27	so-called	129
5136	soar	25
4842	soared	49
3487	soaring	25
5737	social	135
2655	socialist	61
714	societe	40
1319	society	50
4364	soft	119
2259	software	184
2469	soil	23
135	sold	885
5651	sole	122
844	solid	53
1428	solution	171
2152	solve	72
1462	solved	20
2234	someone	35
4144	something	100
4078	sometime	35
5971	sometimes	36
371	somewhat	53
2228	son	65
2607	soon	422
3066	sooner	23
3221	sophisticated	23
5254	sorghum	53
4562	sort	57
4635	sosnoff	23
4902	sought	183
576	sound	77
889	sour	36
5639	source	1145
77	south	270
1835	south africa	107
963	south african	69
5438	south korea	136
582	south korean	47
2264	southeast	52
1004	southern	200
4467	southfield	23
3787	southwest	72
1660	southwestern	28
1983	sovereign	30
3571	soviet	302
5267	soybean	224
2046	spa	59
719	space	95
5049	spain	155
1554	spanish	84
1300	spare	33
5400	spark	28
3389	sparked	44
2457	spc	28
3410	speaker	68
3469	speaking	197
3612	special	481
4043	specialist	42
3007	specialty	85
2734	specific	221
3647	specifically	52
3675	specification	20
2123	specified	31
1074	specify	64
4743	speculate	25
5130	speculated	43
43	speculation	189
2809	speculative	102
1155	speculator	35
54	speech	189
2633	speed	94
2332	spell	33
244	spend	97
931	spending	389
2836	spent	93
579	spin	21
1062	spirit	55
1038	split	402
960	spoke	38
2196	spokesman	1338
5457	spokeswoman	173
4434	sponsor	22
4134	sponsored	28
2023	sport	28
5345	spot	146
5351	spotlight	54
1140	spread	167
3173	spreading	24
1167	spring	164
736	spur	47
4947	square	45
3400	squeeze	24
3040	srd	27
4716	sri	38
2337	st	198
3097	st. louis	26
5981	stabilisation	39
5449	stabilise	97
852	stabilising	26
3124	stability	241
3287	stabilization	34
5510	stabilize	92
3458	stabilized	21
3062	stabilizing	28
3709	stable	191
1332	staff	224
490	stage	162
5530	staged	22
2407	stake	683
4139	stamford	77
650	stance	82
2862	stand	157
2432	standard	556
4679	standing	41
1101	standstill	41
757	stanley	144
2658	star	39
3529	start	683
882	start-up	22
5520	started	289
3589	starting	240
4766	state	1187
722	state-owned	165
4527	state-run	35
1727	stated	92
3042	statement	1386
5212	station	139
3815	statistic	287
2705	statistical	35
3350	status	120
4653	statutory	26
3238	stay	132
71	steadily	56
5409	steady	219
1398	steam	38
605	stearns	47
4488	steel	227
4719	steep	50
793	steer	47
1087	steering	39
2019	stem	70
4074	stemmed	25
1853	stemming	32
764	step	372
4287	stephen	51
3843	stepped	33
3208	stepping	23
2916	sterling	211
553	steven	24
4787	stg	569
3525	stick	35
2411	sticking	21
4891	stiff	26
4689	still	916
2014	stimulate	140
672	stimulating	30
2400	stimulation	20
1329	stimulus	24
2565	stockbroker	38
1940	stockholder	153
3710	stockholm	82
4023	stockpile	25
3001	stoltenberg	67
4664	stone	28
2117	stood	140
3286	stop	252
5549	stoppage	38
596	stopped	95
4029	storage	115
922	store	354
5473	storm	20
3135	story	42
1412	straight	61
1037	strain	35
2248	strained	20
4007	strait	37
1912	strategic	115
2157	strategy	223
497	stream	36
4921	street	248
5453	strength	171
4838	strengthen	98
5149	strengthened	54
3150	strengthening	49
865	stress	46
1930	stressed	95
2357	stretch	22
1836	strict	35
3177	strictly	21
1759	strike	305
3938	striker	22
560	striking	44
1236	strong	649
4629	stronger	118
157	strongest	24
81	strongly	122
2412	struck	66
4954	structural	64
1864	structure	186
1949	structured	21
2017	struggle	27
5171	student	28
5664	studied	29
3733	study	317
3081	studying	81
789	subcommittee	152
4472	subject	556
2191	submit	52
1249	submitted	107
2170	subordinated	470
3579	subroto	22
620	subscribe	23
4301	subscriber	35
1852	subscription	70
4840	subsequent	62
4126	subsequently	38
4731	subsidiary	1184
4542	subsidized	42
3949	subsidy	185
1590	substance	21
2771	substantial	286
4005	substantially	198
888	substitute	29
956	succeed	88
3847	succeeded	29
4856	succeeding	44
1624	succeeds	26
5249	success	136
303	successful	160
4328	successfully	51
595	successive	29
1766	successor	46
3164	sudden	29
5373	suddenly	23
1528	sue	29
4722	sued	34
1700	suffer	53
2640	suffered	91
3781	suffering	46
1408	sufficient	91
4159	sugar	252
3246	suggest	61
4890	suggested	149
206	suggesting	33
5514	suggestion	60
4669	suggests	38
3991	suisse	63
3130	suit	189
983	suitable	29
4762	suitor	24
4964	sullivan	28
5572	sulphur	23
1520	sum	81
2927	sumita	47
4773	sumitomo	52
5950	summary	33
5020	summer	174
4256	summit	114
4116	sun	76
201	sunday	108
3170	super	39
4615	supercomputer	29
5519	superior	37
2470	supermarket	64
1083	supervision	21
17	supervisory	42
951	supplementary	34
1112	supplied	48
4363	supplier	118
4919	supply	782
3085	supply/demand	23
1070	supplying	22
3696	support	785
653	supported	160
430	supporter	33
1602	supporting	51
3364	supportive	24
4476	supposed	22
3196	supreme	68
3505	sure	101
1565	surface	35
2828	surge	74
2824	surged	35
1241	surplus	555
5531	surprise	74
4036	surprised	51
759	surrounding	33
5843	surveillance	28
5989	survey	125
3831	survive	30
2166	suspend	71
1792	suspended	194
2861	suspending	33
3588	suspends	22
326	suspension	104
118	suspicion	21
209	sustain	43
2601	sustained	66
5111	swap	93
4533	sweden	104
265	swedish	73
4222	sweeping	28
2452	sweet	38
2434	swing	42
1341	swiss	272
5956	switch	60
1252	switched	30
4033	switching	40
5426	switzerland	130
5206	sydney	124
1655	symbol	53
5650	syndicate	92
1473	syndicated	38
5314	syndication	36
5279	synthetic	21
1431	syria	21
1501	system	1694
5794	t-bill	38
3123	t.	37
2871	ta	26
2681	table	59
3119	tackle	27
1130	tactic	24
417	taft	24
3019	taipei	95
1807	taiwan	164
1313	taiwanese	20
1544	take	1188
2270	take-up	21
3547	taken	468
3778	takeover	340
3360	taking	364
5525	talk	950
5056	talked	28
4410	talking	116
2422	tampa	40
3660	tandem	21
4487	tangible	24
5638	tanjug	22
82	tank	40
4989	tanker	83
2133	tanzania	20
335	tap	45
4155	tape	45
1257	target	491
5418	targeted	49
2739	targetted	33
4848	tariff	296
1800	task	49
5779	taupo	21
1253	tax	1174
3583	tax-free	41
678	taxation	29
4951	taxpayer	21
3803	taylor	20
5125	tea	33
4056	team	113
3039	technical	198
4794	technically	28
1870	technique	42
1923	technological	20
4295	technology	477
1854	tehran	44
2214	telecom	60
5645	telecommunication	197
2806	telegraph	88
3154	telephone	324
5563	televised	28
1136	television	249
2676	telex	37
3222	tell	88
4133	telling	46
5319	temperature	50
4034	temporarily	65
2227	temporary	208
1475	ten	115
2268	tend	30
911	tendency	22
2199	tender	595
1810	tendered	87
2092	tendering	30
2453	tenn	89
4658	tension	77
1020	tentative	44
3595	tentatively	30
5221	term	1495
3855	termed	28
5873	terminal	115
5223	terminate	33
5312	terminated	75
681	termination	50
741	territory	55
2770	test	257
5378	tested	36
3743	testimony	66
3129	testing	98
2375	tex	48
2198	texaco	81
4575	texas	482
1978	text	24
1025	textile	101
5189	thai	53
3717	thailand	88
1699	thatcher	56
2158	theme	23
3316	therapy	21
1288	thereafter	58
2812	thereby	25
800	therefore	111
1237	thin	40
1297	thing	206
4450	think	462
3038	thinking	32
48	third	688
5334	thomas	85
4545	thomson	35
600	though	200
3036	thought	156
2131	thousand	101
5284	threat	124
2446	threaten	35
5593	threatened	124
2068	threatening	32
4498	threatens	23
735	three-day	35
5554	three-for-one	22
915	three-for-two	75
1499	three-month	69
2489	three-year	100
5673	thrift	48
2267	throughout	130
4211	thrust	24
1315	thursday	186
5619	thus	110
3797	tie	74
3821	tied	48
4445	tight	84
895	tighten	48
3789	tightened	24
1869	tightening	42
418	tighter	28
3200	timber	24
221	time	1618
901	timely	21
4870	timetable	27
5601	timing	74
660	tin	55
1084	tire	49
1895	title	32
5154	tobacco	51
5366	today	2094
3003	together	200
3165	token	21
2749	tokyo	1011
5054	toledo	23
339	toll	28
2873	tom	37
3181	tomorrow	392
1809	ton	189
2087	tone	48
4057	tonight	66
411	tonnage	48
673	tonne	977
1063	took	306
210	tool	109
2804	top	333
4808	topic	28
5252	topped	22
5478	toronto	442
3211	torrance	21
3907	toshiba	25
2343	total	1774
3191	totaled	160
3494	totaling	67
3896	totalled	206
859	totalling	139
4547	totally	43
4812	touch	27
4596	touched	22
3489	tough	117
3917	tour	44
1693	tourist	20
4108	toward	141
4822	towards	195
4894	tower	29
2216	town	68
3854	township	21
773	toyota	32
333	track	55
5596	trade	1986
4072	trade-weighted	23
2532	traded	321
431	trademark	26
2577	trader	613
4279	trading	1236
1741	traditional	135
3592	traditionally	60
608	traffic	78
5272	train	22
5728	training	46
2879	tranche	85
810	trans	39
1678	transaction	632
3965	transfer	213
5994	transferred	58
3713	transit	25
4823	transition	33
3951	transmission	51
5030	transport	161
487	transportation	138
835	trapped	23
5166	travel	45
3033	treasurer	51
518	treasury	794
3984	treat	42
449	treated	37
240	treatment	98
783	treaty	38
5834	tree	26
2296	tremendous	28
5110	tremor	22
744	trend	235
1141	trial	70
4270	tried	68
1365	trigger	45
1787	triggered	65
4525	trillion	35
3299	trim	32
1453	trip	80
5325	triple	22
999	troop	49
1079	trouble	65
4269	troubled	46
675	troy	53
4979	truck	155
4087	true	61
4173	trump	23
5001	trust	468
1957	trustee	38
3740	try	240
3767	trying	196
2195	tuesday	260
2787	tulsa	39
1712	turkey	69
5498	turkish	44
2540	turmoil	30
55	turn	147
4523	turnaround	33
2963	turned	89
3830	turning	59
2136	turnover	263
4422	tv	30
5126	twa	44
2413	twice	75
4313	two-day	55
4939	two-for-one	115
1941	two-thirds	65
2070	two-week	33
327	two-year	77
1385	tx	52
3834	type	125
1153	typical	22
938	u	341
1439	u.	80
2881	u.k.	604
4609	u.n.	38
1697	u.s.a.	25
104	uae	29
2688	ual	28
5545	uaw	29
4437	uk	84
4650	ultimate	25
847	ultimately	60
5041	unable	131
4694	unacceptable	37
174	unadjusted	46
4114	unaffected	22
5026	unanimously	42
5889	unavailable	51
5760	uncertain	67
3822	uncertainty	149
4955	unchanged	378
5011	unclear	33
515	und	32
1013	underground	49
4460	underlying	128
4703	undermine	31
4002	undersecretary	47
2202	understand	35
3758	understanding	85
5108	understood	39
2808	undertake	29
5783	undertaken	39
4169	undertaking	31
514	undervalued	34
3270	underway	94
592	underwrite	41
4447	underwriter	307
4065	underwriting	357
5339	underwritten	71
314	undisclosed	258
94	unemployed	26
5390	unemployment	122
1764	unexpected	35
4291	unfair	83
1954	unidentified	36
1507	unilateral	36
5759	unilever	23
2984	union	706
5663	unisys	20
396	unit	2069
5211	united	124
3902	united arab	45
5788	united kingdom	23
2872	united nations	42
379	united states	757
3992	united steelworkers	20
508	united technologies	24
642	universal	34
2951	university	117
1814	unknown	29
3068	unless	268
3642	unlike	37
5323	unlikely	231
5763	unlimited	20
317	unnamed	40
2238	unnecessary	21
4471	unpaid	28
3876	unprecedented	43
1191	unprofitable	34
5883	unrealistic	22
46	unrelated	20
3844	unresolved	24
323	unrest	34
5163	unsatisfactory	20
3447	unsecured	74
864	unsolicited	36
5371	unspecified	76
5695	unsuccessful	44
618	unusual	58
4600	unusually	40
5486	unveiled	67
1537	unveils	27
2380	unwanted	21
2443	unwilling	29
4372	upcoming	35
693	upgrade	72
2384	upgraded	65
1089	upham	51
658	upheld	22
195	upon	133
4874	upper	77
3562	ups	70
4802	upturn	41
2224	upward	104
1192	upwards	33
3771	urge	145
1576	urged	181
1881	urgent	32
5998	urging	58
4837	uruguay	41
2111	us	84
5815	usa	52
900	usage	27
1683	usair	53
2356	usda	341
845	use	722
2189	used	977
4813	useful	38
363	user	102
3490	using	236
3554	ussr	96
2052	usual	48
1075	usually	75
801	usx	40
1872	utah	60
3680	utilisation	20
107	utility	210
1558	utilization	36
3790	va	179
3523	valid	39
3922	valley	93
3064	valuation	20
5190	value	888
2624	valued	179
171	van	53
4674	vancouver	114
2137	variable	48
2894	variety	88
5865	various	200
5006	varying	20
5605	vast	32
5236	vega	25
1753	vegetable	100
419	vehicle	168
4146	vendor	33
5857	venezuela	111
4067	venezuelan	44
3268	venice	67
4927	venture	435
5198	version	86
5784	versus	146
555	vessel	103
5326	veto	72
1776	via	184
2475	viability	20
4963	viable	22
647	vice	432
3558	vice-president	75
4093	victim	31
1090	victor	28
2329	victory	50
848	video	102
3994	vienna	44
5131	view	360
3501	viewed	36
3986	vigorous	20
875	vigorously	25
5792	village	29
671	violated	47
1539	violating	30
4835	violation	102
4567	violence	20
1788	virginia	38
5969	virtual	29
5499	virtually	105
2376	virus	33
3695	visible	29
4137	visit	205
556	visited	31
3099	visiting	30
2520	vista	20
4337	vital	68
5113	voice	49
3096	voiced	30
456	volatile	55
5053	volatility	60
2324	volcker	122
988	volkswagen	50
3807	volume	412
378	voluntarily	26
2684	voluntary	49
1160	von	22
3408	vote	329
5361	voted	142
3800	voter	21
4693	voting	156
1865	vowed	21
39	vowg.f	36
841	vulnerable	35
16	vw	32
5406	w.	78
5029	wage	191
3678	wagner	30
4238	wait	95
1991	waiting	86
79	waiver	20
1018	wake	42
3557	wale	23
5394	wall	231
1185	walter	38
4216	waltham	30
5838	wang	32
771	want	551
2907	wanted	203
4018	war	241
2764	warburg	55
703	ward	38
825	warehouse	44
2263	warm	27
4579	warned	167
5632	warning	83
2251	warns	57
392	warrant	312
689	warren	20
1523	warship	39
3586	wary	25
4241	wash	71
2415	waste	80
2483	watch	46
405	watching	33
1044	water	202
4747	waterway	24
5112	wave	58
3762	way	706
2497	wayne	38
1841	weak	162
970	weaken	27
5603	weakened	39
3857	weakening	36
2724	weaker	83
1401	weakness	109
4174	weapon	46
1461	weather	173
4553	wedd	21
194	wednesday	176
4250	weekend	176
3253	weekly	210
3050	weigh	23
2622	weight	57
2704	weighted	24
5730	weinberger	37
4026	welcome	64
4189	welcomed	85
5032	well	932
4574	wellington	86
134	went	184
4681	west	231
3982	west berlin	21
5677	west german	338
3362	west germany	500
3105	west texas	48
5529	west virginia	21
5552	western	352
3273	western europe	27
2752	westinghouse	23
1189	westminster	30
4617	westpac	26
3153	wet	32
1790	whatever	50
1567	wheat	426
1046	whereby	23
464	whether	572
1114	white	358
154	whole	190
5070	wholesale	109
3417	wholly	132
1305	wholly-owned	95
1326	whose	200
29	wi	74
2999	wide	89
4537	wide-ranging	21
4591	widely	118
192	widen	20
1739	widened	48
2074	widening	26
890	wider	52
394	widespread	93
1282	wiesbaden	20
3591	wil	20
4540	william	210
1180	williams	33
2796	willing	162
2083	willingness	60
4418	willy	24
1268	wilmington	28
4387	wilson	51
3933	win	203
1513	wind	43
4353	window	41
24	wine	28
2372	winner	21
2763	winning	25
2038	winnipeg	29
3462	winter	136
5476	wireless	37
1839	wisconsin	38
4959	wish	52
5228	withdraw	72
5751	withdrawal	75
1606	withdrawing	26
2461	withdrawn	54
2603	withdrew	47
2305	withholding	28
630	within	654
5819	without	555
5775	witter	43
1119	wo	79
5671	woman	34
2223	won	193
3051	wood	71
5947	woolworth	23
2316	word	59
4015	work	652
1687	worked	88
5738	worker	357
2534	workforce	88
438	working	413
4518	workstation	29
1920	world	1239
5407	worldwide	215
2833	worried	77
2925	worry	67
1735	worse	37
4332	worsen	24
1848	worst	71
3513	worth	574
4339	wounded	20
0	wright	56
4760	write	47
3806	write-off	32
1659	writedown	72
2161	writedowns	34
2039	writeoff	27
1132	writer	22
283	writing	39
3644	written	99
1885	wrong	47
4909	wrote	29
460	wti	31
4978	wx	20
4740	xon	46
3136	yamaichi	32
3397	yasuhiro	111
2382	year-ago	169
1783	year-earlier	52
551	year-end	102
4052	year-on-year	95
452	year-to-date	83
5761	yearend	21
965	yearly	39
1743	yen	684
4230	yes	22
67	yesterday	1119
4030	yet	423
5185	yeutter	93
5599	yield	423
1749	yielded	24
3403	yielding	68
3603	young	51
1623	yr	39
3597	yuan	26
4489	yugoslav	33
188	yugoslavia	49
5095	zaire	20
172	zambia	26
3205	zealand	46
2419	zero	83
5153	zimbabwe	21
1283	zinc	69
5290	zoete	20
1786	zone	82
5548	zurich	138
